Post1,Post2,similarity
100071,53549,1.0
100071,53658,1.0
100071,56690,1.0
100071,56858,1.0
100071,57032,1.0
100071,73970,1.0
100071,78791,1.0
100071,78793,1.0
100071,81932,1.0
100071,81934,1.0
100443,110550,1.0
100443,126527,1.0
100443,138526,1.0
100443,140559,1.0
100443,39901,1.0
100443,43862,1.0
100443,46102,1.0
100443,97443,1.0
100486,100506,1.0
100506,100486,1.0
100620,50937,1.0
100620,54239,1.0
100620,69590,1.0
100620,91492,1.0
100645,100971,1.0
100645,100980,1.0
100725,141371,1.0
100725,145926,1.0
100725,148845,1.0
100725,17932,1.0
100725,75398,1.0
100725,98720,1.0
100725,99146,1.0
100971,100645,1.0
100971,100980,1.0
100980,100645,1.0
100980,100971,1.0
101348,10647,1.0
101348,13276,1.0
101348,28677,1.0
101348,46582,1.0
101371,159793,1.0
101371,160604,1.0
101371,92937,1.0
101371,96108,1.0
101469,56617,1.0
101469,89632,1.0
102207,104829,1.0
102207,122119,1.0
102207,39064,1.0
102425,99402,1.0
102456,1560,1.0
102456,24815,1.0
102456,27393,1.0
102456,27512,1.0
102456,36152,1.0
102456,46691,1.0
102456,9741,1.0
102591,10970,1.0
102591,81806,1.0
102591,93149,1.0
102649,103862,1.0
102649,117395,1.0
102756,113693,1.0
102756,119189,1.0
102756,123382,1.0
102756,152121,1.0
102756,158067,1.0
102756,158112,1.0
102756,1645,1.0
102756,80567,1.0
102756,80806,1.0
102756,8135,1.0
102965,11800,1.0
102965,37205,1.0
102965,49768,1.0
103151,103156,1.0
103156,103151,1.0
103221,132306,1.0
103257,69469,1.0
10329,68499,1.0
10329,83263,1.0
10329,85570,1.0
103862,102649,1.0
103862,117395,1.0
103915,109583,1.0
103915,116182,1.0
103915,121918,1.0
103915,144455,1.0
103915,40263,1.0
103915,8057,1.0
104173,48844,1.0
104173,62188,1.0
104270,113641,1.0
104270,121730,1.0
104270,142608,1.0
104270,38618,1.0
104270,71487,1.0
104270,71532,1.0
104270,74865,1.0
104476,110576,1.0
104476,132593,1.0
104634,114664,1.0
104634,135122,1.0
104634,18999,1.0
104634,46658,1.0
104662,29515,1.0
104662,43725,1.0
104662,49067,1.0
104662,90242,1.0
104662,90805,1.0
104829,102207,1.0
104829,122119,1.0
104829,39064,1.0
105169,92264,1.0
105214,93523,1.0
105607,137632,1.0
105607,150445,1.0
105607,158918,1.0
105607,163073,1.0
105607,86252,1.0
105858,117719,1.0
10588,40693,1.0
10588,45303,1.0
10588,586,1.0
10588,82089,1.0
10588,86554,1.0
10588,89548,1.0
10588,92647,1.0
10588,93289,1.0
105938,112050,1.0
105938,131733,1.0
105938,155876,1.0
105962,113959,1.0
105962,116295,1.0
106086,132263,1.0
10647,101348,1.0
10647,13276,1.0
10647,28677,1.0
10647,46582,1.0
106712,126154,1.0
106712,143723,1.0
106712,93546,1.0
10690,11394,1.0
10690,30043,1.0
10690,4232,1.0
10690,737,1.0
10690,8195,1.0
107034,136501,1.0
107034,55898,1.0
107034,77191,1.0
107296,74807,1.0
107430,111640,1.0
107430,125981,1.0
107430,135363,1.0
107430,135986,1.0
107682,59092,1.0
107682,92197,1.0
10783,150828,1.0
107929,121396,1.0
107929,126780,1.0
107929,134645,1.0
107929,149593,1.0
107929,33471,1.0
107929,62063,1.0
107929,86753,1.0
107929,96779,1.0
107969,160653,1.0
10819,140120,1.0
10819,140322,1.0
10819,68822,1.0
108489,152207,1.0
108598,143367,1.0
108778,36474,1.0
108778,38142,1.0
108778,77037,1.0
108778,78729,1.0
108778,79826,1.0
108778,80163,1.0
108778,80513,1.0
108778,81101,1.0
108778,82904,1.0
108778,84819,1.0
109243,110178,1.0
109243,122676,1.0
109243,122692,1.0
109243,126010,1.0
109243,127971,1.0
109243,129073,1.0
109243,130048,1.0
109243,90178,1.0
109243,94265,1.0
109243,9601,1.0
109361,3604,1.0
109583,103915,1.0
109583,116182,1.0
109583,121918,1.0
109583,144455,1.0
109583,40263,1.0
109583,8057,1.0
109621,51841,1.0
109687,114157,1.0
109687,122438,1.0
109687,125747,1.0
109687,139051,1.0
10970,102591,1.0
10970,81806,1.0
10970,93149,1.0
109722,115986,1.0
109722,67555,1.0
109722,88534,1.0
110007,74175,1.0
110007,82206,1.0
110007,82251,1.0
110178,122676,1.0
110178,122692,1.0
110178,126010,1.0
110178,127971,1.0
110178,129073,1.0
110178,130048,1.0
110178,27184,1.0
110178,90178,1.0
110178,94265,1.0
110178,9601,1.0
110283,112299,1.0
110283,131541,1.0
110550,100443,1.0
110550,126527,1.0
110550,138526,1.0
110550,140559,1.0
110550,39901,1.0
110550,43862,1.0
110550,46102,1.0
110550,97443,1.0
110576,104476,1.0
110576,132593,1.0
110827,146010,1.0
110827,147663,1.0
110827,48234,1.0
111034,161154,1.0
111034,165062,1.0
111034,18360,1.0
111034,64406,1.0
111053,135197,1.0
111053,150163,1.0
111550,118071,1.0
111550,127446,1.0
111550,133324,1.0
111550,141968,1.0
111550,15491,1.0
111550,156719,1.0
111550,31268,1.0
111550,58376,1.0
111550,93759,1.0
111550,93767,1.0
111618,86188,1.0
111640,107430,1.0
111640,125981,1.0
111640,135363,1.0
111640,135986,1.0
111912,158621,1.0
111912,24797,1.0
112050,105938,1.0
112050,131733,1.0
112050,155876,1.0
112124,121642,1.0
11215,23627,1.0
11215,3459,1.0
11215,3798,1.0
11215,3865,1.0
11215,3870,1.0
11215,4103,1.0
11215,48167,1.0
11215,96535,1.0
112299,110283,1.0
112299,131541,1.0
112448,39948,1.0
112448,68172,1.0
112518,127128,1.0
112518,48106,1.0
112518,52611,1.0
112518,81843,1.0
112765,136539,1.0
112765,8443,1.0
112950,120438,1.0
112950,134927,1.0
112950,139415,1.0
112950,144830,1.0
112950,157509,1.0
112950,164047,1.0
112950,164833,1.0
112950,76096,1.0
113641,104270,1.0
113641,121730,1.0
113641,142608,1.0
113641,38618,1.0
113641,71487,1.0
113641,71532,1.0
113641,74865,1.0
113693,119189,1.0
113693,123382,1.0
113693,152121,1.0
113693,158067,1.0
113693,158112,1.0
113693,1645,1.0
113693,17789,1.0
113693,80567,1.0
113693,80806,1.0
113693,8135,1.0
113751,159879,1.0
113751,167611,1.0
113751,63528,1.0
113751,89657,1.0
11394,10690,1.0
11394,30043,1.0
11394,4232,1.0
11394,737,1.0
11394,8195,1.0
113959,105962,1.0
113959,116295,1.0
114157,109687,1.0
114157,122438,1.0
114157,125747,1.0
114157,139051,1.0
114344,116744,1.0
114344,123923,1.0
114344,140734,1.0
114362,110178,1.0
114362,122676,1.0
114362,122692,1.0
114362,126010,1.0
114362,127971,1.0
114362,129073,1.0
114362,130048,1.0
114362,90178,1.0
114362,94265,1.0
114362,9601,1.0
114664,104634,1.0
114664,135122,1.0
114664,18999,1.0
114664,46658,1.0
114881,92203,1.0
114881,92211,1.0
115014,133423,1.0
115152,119292,1.0
115338,121755,1.0
115338,124510,1.0
115338,25477,1.0
115338,69212,1.0
115338,71443,1.0
115338,73398,1.0
115517,129367,1.0
115517,50920,1.0
115517,75916,1.0
115517,80053,1.0
115517,84716,1.0
115517,85818,1.0
115517,89187,1.0
115517,89336,1.0
115517,89750,1.0
115517,89761,1.0
115986,109722,1.0
115986,67555,1.0
115986,88534,1.0
116159,154555,1.0
116182,103915,1.0
116182,109583,1.0
116182,121918,1.0
116182,144455,1.0
116182,40263,1.0
116182,8057,1.0
116295,105962,1.0
116295,113959,1.0
116404,120834,1.0
116404,30585,1.0
116404,30943,1.0
116404,72856,1.0
116592,24637,1.0
116592,25511,1.0
116592,25864,1.0
116592,26162,1.0
116592,26631,1.0
116744,114344,1.0
116744,123923,1.0
116744,140734,1.0
116892,132895,1.0
116892,75067,1.0
116892,86043,1.0
116892,93079,1.0
117395,102649,1.0
117395,103862,1.0
117627,134976,1.0
117627,140428,1.0
117719,105858,1.0
117893,145940,1.0
117893,146362,1.0
117893,146510,1.0
117893,16350,1.0
117893,29321,1.0
117893,463,1.0
117893,50168,1.0
117893,59484,1.0
117893,66036,1.0
117893,66050,1.0
11800,102965,1.0
11800,37205,1.0
11800,49768,1.0
118071,127446,1.0
118071,133324,1.0
118071,141968,1.0
118071,15491,1.0
118071,156719,1.0
118071,160253,1.0
118071,31268,1.0
118071,58376,1.0
118071,93759,1.0
118071,93767,1.0
119189,113693,1.0
119189,123382,1.0
119189,152121,1.0
119189,158067,1.0
119189,158112,1.0
119189,1645,1.0
119189,17789,1.0
119189,80567,1.0
119189,80806,1.0
119189,8135,1.0
119292,115152,1.0
119450,143105,1.0
119900,67642,1.0
120085,85714,1.0
12036,36474,1.0
12036,38142,1.0
12036,77037,1.0
12036,78729,1.0
12036,79826,1.0
12036,80163,1.0
12036,80513,1.0
12036,81101,1.0
12036,82904,1.0
12036,84819,1.0
120438,112950,1.0
120438,134927,1.0
120438,139415,1.0
120438,144830,1.0
120438,157509,1.0
120438,164047,1.0
120438,164833,1.0
120438,76096,1.0
120458,143621,1.0
120458,17321,1.0
120458,17620,1.0
120458,31511,1.0
120458,32379,1.0
120458,36025,1.0
120458,53795,1.0
120458,72018,1.0
120458,92131,1.0
120458,98962,1.0
12065,20856,1.0
120821,137774,1.0
120834,116404,1.0
120834,30585,1.0
120834,30943,1.0
120834,72856,1.0
120835,131164,1.0
120835,20687,1.0
121123,47941,1.0
121194,144001,1.0
121396,107929,1.0
121396,126780,1.0
121396,134645,1.0
121396,149593,1.0
121396,33471,1.0
121396,62063,1.0
121396,86753,1.0
121396,96779,1.0
121519,123424,1.0
121519,144818,1.0
121642,112124,1.0
121730,104270,1.0
121730,113641,1.0
121730,142608,1.0
121730,38618,1.0
121730,71487,1.0
121730,71532,1.0
121730,74865,1.0
121755,115338,1.0
121755,124510,1.0
121755,25477,1.0
121755,69212,1.0
121755,71443,1.0
121755,73398,1.0
121918,103915,1.0
121918,109583,1.0
121918,116182,1.0
121918,144455,1.0
121918,40263,1.0
121918,8057,1.0
122119,102207,1.0
122119,104829,1.0
122119,39064,1.0
122413,63305,1.0
122438,109687,1.0
122438,114157,1.0
122438,125747,1.0
122438,139051,1.0
122484,125346,1.0
122484,14347,1.0
122484,14414,1.0
122484,27888,1.0
122484,31056,1.0
122484,52617,1.0
122484,55381,1.0
122484,90372,1.0
122653,139411,1.0
122653,167555,1.0
122653,71299,1.0
122676,110178,1.0
122676,122692,1.0
122676,126010,1.0
122676,127971,1.0
122676,129073,1.0
122676,130048,1.0
122676,27184,1.0
122676,90178,1.0
122676,94265,1.0
122676,9601,1.0
122692,110178,1.0
122692,122676,1.0
122692,126010,1.0
122692,127971,1.0
122692,129073,1.0
122692,130048,1.0
122692,27184,1.0
122692,90178,1.0
122692,94265,1.0
122692,9601,1.0
122918,127927,1.0
122918,128129,1.0
122918,129326,1.0
122918,129521,1.0
122918,131280,1.0
122918,135735,1.0
122918,22746,1.0
122918,26152,1.0
122918,75507,1.0
122919,50416,1.0
122919,51022,1.0
123382,113693,1.0
123382,119189,1.0
123382,152121,1.0
123382,158067,1.0
123382,158112,1.0
123382,1645,1.0
123382,17789,1.0
123382,80567,1.0
123382,80806,1.0
123382,8135,1.0
123424,121519,1.0
123424,144818,1.0
1236,71837,1.0
123826,123842,1.0
123826,123860,1.0
123826,146541,1.0
123842,123826,1.0
123842,123860,1.0
123842,146541,1.0
123860,123826,1.0
123860,123842,1.0
123860,146541,1.0
123923,114344,1.0
123923,116744,1.0
123923,140734,1.0
124137,113693,1.0
124137,119189,1.0
124137,123382,1.0
124137,152121,1.0
124137,158067,1.0
124137,158112,1.0
124137,1645,1.0
124137,80567,1.0
124137,80806,1.0
124137,8135,1.0
124445,110178,1.0
124445,122676,1.0
124445,122692,1.0
124445,126010,1.0
124445,127971,1.0
124445,129073,1.0
124445,130048,1.0
124445,90178,1.0
124445,94265,1.0
124445,9601,1.0
124510,115338,1.0
124510,121755,1.0
124510,25477,1.0
124510,69212,1.0
124510,71443,1.0
124510,73398,1.0
124522,124933,1.0
124740,161800,1.0
124875,57396,1.0
124933,124522,1.0
125055,133774,1.0
125055,136298,1.0
125055,140024,1.0
125055,154275,1.0
125346,122484,1.0
125346,14347,1.0
125346,14414,1.0
125346,27888,1.0
125346,31056,1.0
125346,52617,1.0
125346,55381,1.0
125346,90372,1.0
125368,113693,1.0
125368,119189,1.0
125368,123382,1.0
125368,152121,1.0
125368,158067,1.0
125368,158112,1.0
125368,1645,1.0
125368,80567,1.0
125368,80806,1.0
125368,8135,1.0
125381,145672,1.0
125383,167546,1.0
125383,167663,1.0
125383,167733,1.0
125383,167858,1.0
125383,167871,1.0
125736,137772,1.0
125736,138278,1.0
125736,164852,1.0
125736,65555,1.0
125736,88546,1.0
125747,109687,1.0
125747,114157,1.0
125747,122438,1.0
125747,139051,1.0
125981,107430,1.0
125981,111640,1.0
125981,135363,1.0
125981,135986,1.0
126010,110178,1.0
126010,122676,1.0
126010,122692,1.0
126010,127971,1.0
126010,129073,1.0
126010,130048,1.0
126010,27184,1.0
126010,90178,1.0
126010,94265,1.0
126010,9601,1.0
126054,118071,1.0
126054,127446,1.0
126054,133324,1.0
126054,141968,1.0
126054,15491,1.0
126054,156719,1.0
126054,31268,1.0
126054,58376,1.0
126054,93759,1.0
126054,93767,1.0
126134,151464,1.0
126154,106712,1.0
126154,143723,1.0
126154,93546,1.0
126385,127323,1.0
126527,100443,1.0
126527,110550,1.0
126527,138526,1.0
126527,140559,1.0
126527,39901,1.0
126527,43862,1.0
126527,46102,1.0
126527,97443,1.0
126780,107929,1.0
126780,121396,1.0
126780,134645,1.0
126780,149593,1.0
126780,33471,1.0
126780,62063,1.0
126780,86753,1.0
126780,96779,1.0
126876,28200,1.0
126876,40387,1.0
126876,51628,1.0
127049,130996,1.0
127049,135630,1.0
127049,135653,1.0
127049,140244,1.0
127049,149173,1.0
127049,151086,1.0
127049,152754,1.0
127049,157628,1.0
127049,72319,1.0
127049,76093,1.0
127128,112518,1.0
127128,48106,1.0
127128,52611,1.0
127128,81843,1.0
127195,142292,1.0
127323,126385,1.0
127439,127905,1.0
127439,153286,1.0
127439,55376,1.0
127439,60728,1.0
127439,68834,1.0
127446,118071,1.0
127446,133324,1.0
127446,141968,1.0
127446,15491,1.0
127446,156719,1.0
127446,160253,1.0
127446,31268,1.0
127446,58376,1.0
127446,93759,1.0
127446,93767,1.0
127457,49241,1.0
127722,49964,1.0
127722,81931,1.0
127862,82293,1.0
127905,127439,1.0
127905,153286,1.0
127905,55376,1.0
127905,60728,1.0
127905,68834,1.0
127927,122918,1.0
127927,128129,1.0
127927,129326,1.0
127927,129521,1.0
127927,131280,1.0
127927,135735,1.0
127927,22746,1.0
127927,26152,1.0
127927,75507,1.0
127962,1697,1.0
127971,110178,1.0
127971,122676,1.0
127971,122692,1.0
127971,126010,1.0
127971,129073,1.0
127971,130048,1.0
127971,27184,1.0
127971,90178,1.0
127971,94265,1.0
127971,9601,1.0
127978,149492,1.0
127987,118071,1.0
127987,127446,1.0
127987,133324,1.0
127987,141968,1.0
127987,15491,1.0
127987,156719,1.0
127987,31268,1.0
127987,58376,1.0
127987,93759,1.0
127987,93767,1.0
128114,151554,1.0
128114,54559,1.0
128129,122918,1.0
128129,127927,1.0
128129,129326,1.0
128129,129521,1.0
128129,131280,1.0
128129,135735,1.0
128129,22746,1.0
128129,26152,1.0
128129,75507,1.0
128140,139624,1.0
128140,153420,1.0
128140,154481,1.0
128140,157946,1.0
128140,53463,1.0
128140,63443,1.0
128585,18620,1.0
128585,521,1.0
1286,1294,1.0
1286,17476,1.0
1286,18166,1.0
1286,20509,1.0
1286,20905,1.0
1286,22336,1.0
1286,99830,1.0
129073,110178,1.0
129073,122676,1.0
129073,122692,1.0
129073,126010,1.0
129073,127971,1.0
129073,130048,1.0
129073,27184,1.0
129073,90178,1.0
129073,94265,1.0
129073,9601,1.0
129114,133058,1.0
129325,20273,1.0
129325,64550,1.0
129325,89380,1.0
129326,122918,1.0
129326,127927,1.0
129326,128129,1.0
129326,129521,1.0
129326,131280,1.0
129326,135735,1.0
129326,22746,1.0
129326,26152,1.0
129326,75507,1.0
129367,148888,1.0
129367,50920,1.0
129367,75916,1.0
129367,80053,1.0
129367,84716,1.0
129367,85818,1.0
129367,89187,1.0
129367,89336,1.0
129367,89750,1.0
129367,89761,1.0
1294,1286,1.0
1294,17476,1.0
1294,18166,1.0
1294,20509,1.0
1294,20905,1.0
1294,22336,1.0
1294,99830,1.0
129521,122918,1.0
129521,127927,1.0
129521,128129,1.0
129521,129326,1.0
129521,131280,1.0
129521,135735,1.0
129521,22746,1.0
129521,26152,1.0
129521,75507,1.0
129605,98947,1.0
129899,46429,1.0
129899,50044,1.0
129899,65993,1.0
130048,110178,1.0
130048,122676,1.0
130048,122692,1.0
130048,126010,1.0
130048,127971,1.0
130048,129073,1.0
130048,27184,1.0
130048,90178,1.0
130048,94265,1.0
130048,9601,1.0
130123,131076,1.0
130123,148371,1.0
130160,134748,1.0
130160,137214,1.0
130160,18925,1.0
130160,3486,1.0
130160,56806,1.0
130160,77532,1.0
130160,8469,1.0
130160,86903,1.0
130160,86911,1.0
130345,130996,1.0
130345,135630,1.0
130345,135653,1.0
130345,140244,1.0
130345,149173,1.0
130345,151086,1.0
130345,152754,1.0
130345,157628,1.0
130345,72319,1.0
130345,76093,1.0
130498,37392,1.0
130498,46058,1.0
130498,48004,1.0
130876,17067,1.0
130996,135630,1.0
130996,135653,1.0
130996,140244,1.0
130996,141390,1.0
130996,149173,1.0
130996,151086,1.0
130996,152754,1.0
130996,157628,1.0
130996,72319,1.0
130996,76093,1.0
131018,131244,1.0
131018,156836,1.0
131018,75847,1.0
131018,75872,1.0
131076,130123,1.0
131076,148371,1.0
131164,120835,1.0
131164,20687,1.0
131244,131018,1.0
131244,156836,1.0
131244,75847,1.0
131244,75872,1.0
131280,122918,1.0
131280,127927,1.0
131280,128129,1.0
131280,129326,1.0
131280,129521,1.0
131280,135735,1.0
131280,22746,1.0
131280,26152,1.0
131280,75507,1.0
131394,97429,1.0
131541,110283,1.0
131541,112299,1.0
131733,105938,1.0
131733,112050,1.0
131733,155876,1.0
131823,136241,1.0
131876,161772,1.0
131876,165818,1.0
131876,61292,1.0
132263,106086,1.0
132306,103221,1.0
132593,104476,1.0
132593,110576,1.0
132652,159143,1.0
132652,159255,1.0
132652,167296,1.0
132652,167599,1.0
132652,167716,1.0
132652,167765,1.0
132652,167767,1.0
132652,167859,1.0
132652,167874,1.0
132652,58836,1.0
132723,59077,1.0
132723,72734,1.0
132723,74496,1.0
132723,81677,1.0
13276,101348,1.0
13276,10647,1.0
13276,28677,1.0
13276,46582,1.0
132765,151286,1.0
132765,157158,1.0
132895,116892,1.0
132895,75067,1.0
132895,86043,1.0
132895,93079,1.0
133058,129114,1.0
133273,74690,1.0
133278,156737,1.0
133324,118071,1.0
133324,127446,1.0
133324,141968,1.0
133324,15491,1.0
133324,156719,1.0
133324,160253,1.0
133324,31268,1.0
133324,58376,1.0
133324,93759,1.0
133324,93767,1.0
133409,134459,1.0
133409,142834,1.0
133423,115014,1.0
133592,118071,1.0
133592,127446,1.0
133592,133324,1.0
133592,141968,1.0
133592,15491,1.0
133592,156719,1.0
133592,31268,1.0
133592,58376,1.0
133592,93759,1.0
133592,93767,1.0
133665,85517,1.0
133704,140608,1.0
133704,153970,1.0
133774,125055,1.0
133774,136298,1.0
133774,140024,1.0
133774,154275,1.0
133959,14899,1.0
133959,15037,1.0
133959,26239,1.0
134459,133409,1.0
134459,142834,1.0
134602,142660,1.0
134602,32552,1.0
134602,93490,1.0
134645,107929,1.0
134645,121396,1.0
134645,126780,1.0
134645,149593,1.0
134645,33471,1.0
134645,62063,1.0
134645,86753,1.0
134645,96779,1.0
134748,130160,1.0
134748,137214,1.0
134748,18925,1.0
134748,3486,1.0
134748,56806,1.0
134748,77532,1.0
134748,8469,1.0
134748,86903,1.0
134748,86911,1.0
134873,20898,1.0
134873,20923,1.0
134873,21794,1.0
134873,36654,1.0
134873,40202,1.0
134873,49058,1.0
134873,50573,1.0
134873,78455,1.0
134873,78469,1.0
134873,95776,1.0
134897,129367,1.0
134897,50920,1.0
134897,75916,1.0
134897,80053,1.0
134897,84716,1.0
134897,85818,1.0
134897,89187,1.0
134897,89336,1.0
134897,89750,1.0
134897,89761,1.0
134927,112950,1.0
134927,120438,1.0
134927,139415,1.0
134927,144830,1.0
134927,157509,1.0
134927,164047,1.0
134927,164833,1.0
134927,76096,1.0
134976,117627,1.0
134976,140428,1.0
135122,104634,1.0
135122,114664,1.0
135122,18999,1.0
135122,46658,1.0
135197,111053,1.0
135197,150163,1.0
135363,107430,1.0
135363,111640,1.0
135363,125981,1.0
135363,135986,1.0
135564,136043,1.0
135630,130996,1.0
135630,135653,1.0
135630,140244,1.0
135630,141390,1.0
135630,149173,1.0
135630,151086,1.0
135630,152754,1.0
135630,157628,1.0
135630,72319,1.0
135630,76093,1.0
135653,130996,1.0
135653,135630,1.0
135653,140244,1.0
135653,141390,1.0
135653,149173,1.0
135653,151086,1.0
135653,152754,1.0
135653,157628,1.0
135653,72319,1.0
135653,76093,1.0
135735,122918,1.0
135735,127927,1.0
135735,128129,1.0
135735,129326,1.0
135735,129521,1.0
135735,131280,1.0
135735,22746,1.0
135735,26152,1.0
135735,75507,1.0
135885,80872,1.0
135986,107430,1.0
135986,111640,1.0
135986,125981,1.0
135986,135363,1.0
136000,153108,1.0
136043,135564,1.0
136129,118071,1.0
136129,127446,1.0
136129,133324,1.0
136129,141968,1.0
136129,15491,1.0
136129,156719,1.0
136129,31268,1.0
136129,58376,1.0
136129,93759,1.0
136129,93767,1.0
136140,52857,1.0
136140,84412,1.0
136241,131823,1.0
136298,125055,1.0
136298,133774,1.0
136298,140024,1.0
136298,154275,1.0
136501,107034,1.0
136501,55898,1.0
136501,77191,1.0
136539,112765,1.0
136539,8443,1.0
137214,130160,1.0
137214,134748,1.0
137214,18925,1.0
137214,3486,1.0
137214,56806,1.0
137214,77532,1.0
137214,8469,1.0
137214,86903,1.0
137214,86911,1.0
137632,105607,1.0
137632,150445,1.0
137632,158918,1.0
137632,163073,1.0
137632,86252,1.0
137653,129367,1.0
137653,50920,1.0
137653,75916,1.0
137653,80053,1.0
137653,84716,1.0
137653,85818,1.0
137653,89187,1.0
137653,89336,1.0
137653,89750,1.0
137653,89761,1.0
137772,125736,1.0
137772,138278,1.0
137772,164852,1.0
137772,65555,1.0
137772,88546,1.0
137774,120821,1.0
137828,149803,1.0
137828,156047,1.0
137828,45115,1.0
137828,92997,1.0
138011,30850,1.0
138011,39566,1.0
138144,148831,1.0
138278,125736,1.0
138278,137772,1.0
138278,164852,1.0
138278,65555,1.0
138278,88546,1.0
13828,98597,1.0
138503,36847,1.0
138503,85226,1.0
138526,100443,1.0
138526,110550,1.0
138526,126527,1.0
138526,140559,1.0
138526,39901,1.0
138526,43862,1.0
138526,46102,1.0
138526,97443,1.0
138930,145550,1.0
138930,2229,1.0
139051,109687,1.0
139051,114157,1.0
139051,122438,1.0
139051,125747,1.0
139200,144187,1.0
139231,139570,1.0
139231,139697,1.0
139231,141481,1.0
139411,122653,1.0
139411,167555,1.0
139411,71299,1.0
139415,112950,1.0
139415,120438,1.0
139415,134927,1.0
139415,144830,1.0
139415,157509,1.0
139415,164047,1.0
139415,164833,1.0
139415,76096,1.0
139570,139231,1.0
139570,139697,1.0
139570,141481,1.0
139624,128140,1.0
139624,153420,1.0
139624,154481,1.0
139624,157946,1.0
139624,53463,1.0
139624,63443,1.0
139697,139231,1.0
139697,139570,1.0
139697,141481,1.0
139855,159226,1.0
139901,99658,1.0
140024,125055,1.0
140024,133774,1.0
140024,136298,1.0
140024,154275,1.0
140120,10819,1.0
140120,140322,1.0
140120,68822,1.0
140244,130996,1.0
140244,135630,1.0
140244,135653,1.0
140244,141390,1.0
140244,149173,1.0
140244,151086,1.0
140244,152754,1.0
140244,157628,1.0
140244,72319,1.0
140244,76093,1.0
140322,10819,1.0
140322,140120,1.0
140322,68822,1.0
140428,117627,1.0
140428,134976,1.0
140533,52968,1.0
140559,100443,1.0
140559,110550,1.0
140559,126527,1.0
140559,138526,1.0
140559,39901,1.0
140559,43862,1.0
140559,46102,1.0
140559,97443,1.0
140608,133704,1.0
140608,153970,1.0
140734,114344,1.0
140734,116744,1.0
140734,123923,1.0
141371,100725,1.0
141371,145926,1.0
141371,148845,1.0
141371,17932,1.0
141371,75398,1.0
141371,98720,1.0
141371,99146,1.0
141390,130996,1.0
141390,135630,1.0
141390,135653,1.0
141390,140244,1.0
141390,149173,1.0
141390,151086,1.0
141390,152754,1.0
141390,157628,1.0
141390,72319,1.0
141390,76093,1.0
141481,139231,1.0
141481,139570,1.0
141481,139697,1.0
141968,118071,1.0
141968,127446,1.0
141968,133324,1.0
141968,15491,1.0
141968,156719,1.0
141968,160253,1.0
141968,31268,1.0
141968,58376,1.0
141968,93759,1.0
141968,93767,1.0
142168,130996,1.0
142168,135630,1.0
142168,135653,1.0
142168,140244,1.0
142168,149173,1.0
142168,151086,1.0
142168,152754,1.0
142168,157628,1.0
142168,72319,1.0
142168,76093,1.0
142292,127195,1.0
142297,110178,1.0
142297,122676,1.0
142297,122692,1.0
142297,126010,1.0
142297,127971,1.0
142297,129073,1.0
142297,130048,1.0
142297,90178,1.0
142297,94265,1.0
142297,9601,1.0
142608,104270,1.0
142608,113641,1.0
142608,121730,1.0
142608,38618,1.0
142608,71487,1.0
142608,71532,1.0
142608,74865,1.0
142660,134602,1.0
142660,32552,1.0
142660,93490,1.0
142834,133409,1.0
142834,134459,1.0
143105,119450,1.0
143367,108598,1.0
143396,143621,1.0
143396,17321,1.0
143396,17620,1.0
143396,31511,1.0
143396,32379,1.0
143396,36025,1.0
143396,53795,1.0
143396,72018,1.0
143396,92131,1.0
143396,98962,1.0
14347,122484,1.0
14347,125346,1.0
14347,14414,1.0
14347,27888,1.0
14347,31056,1.0
14347,52617,1.0
14347,55381,1.0
14347,90372,1.0
143498,34385,1.0
143498,4718,1.0
143498,66924,1.0
143498,80525,1.0
143621,17321,1.0
143621,17620,1.0
143621,31511,1.0
143621,32379,1.0
143621,36025,1.0
143621,53795,1.0
143621,72018,1.0
143621,92131,1.0
143621,94701,1.0
143621,98962,1.0
143723,106712,1.0
143723,126154,1.0
143723,93546,1.0
144001,121194,1.0
144025,76971,1.0
14414,122484,1.0
14414,125346,1.0
14414,14347,1.0
14414,27888,1.0
14414,31056,1.0
14414,52617,1.0
14414,55381,1.0
14414,90372,1.0
144187,139200,1.0
144310,148686,1.0
144314,46771,1.0
144455,103915,1.0
144455,109583,1.0
144455,116182,1.0
144455,121918,1.0
144455,40263,1.0
144455,8057,1.0
144629,60554,1.0
144629,60671,1.0
144629,63259,1.0
144812,91626,1.0
144818,121519,1.0
144818,123424,1.0
144830,112950,1.0
144830,120438,1.0
144830,134927,1.0
144830,139415,1.0
144830,157509,1.0
144830,164047,1.0
144830,164833,1.0
144830,76096,1.0
144854,4383,1.0
145499,50280,1.0
145499,51996,1.0
145550,138930,1.0
145550,2229,1.0
145672,125381,1.0
145926,100725,1.0
145926,141371,1.0
145926,148845,1.0
145926,17932,1.0
145926,75398,1.0
145926,98720,1.0
145926,99146,1.0
145940,117893,1.0
145940,146362,1.0
145940,146510,1.0
145940,16350,1.0
145940,29321,1.0
145940,463,1.0
145940,50168,1.0
145940,59484,1.0
145940,66036,1.0
145940,66050,1.0
146010,110827,1.0
146010,147663,1.0
146010,48234,1.0
146025,36474,1.0
146025,38142,1.0
146025,77037,1.0
146025,78729,1.0
146025,79826,1.0
146025,80163,1.0
146025,80513,1.0
146025,81101,1.0
146025,82904,1.0
146025,84819,1.0
146362,117893,1.0
146362,145940,1.0
146362,146510,1.0
146362,16350,1.0
146362,29321,1.0
146362,463,1.0
146362,50168,1.0
146362,59484,1.0
146362,66036,1.0
146362,66050,1.0
146510,117893,1.0
146510,145940,1.0
146510,146362,1.0
146510,16350,1.0
146510,29321,1.0
146510,463,1.0
146510,50168,1.0
146510,59484,1.0
146510,66036,1.0
146510,66050,1.0
146541,123826,1.0
146541,123842,1.0
146541,123860,1.0
146628,74791,1.0
147663,110827,1.0
147663,146010,1.0
147663,48234,1.0
147706,129367,1.0
147706,50920,1.0
147706,75916,1.0
147706,80053,1.0
147706,84716,1.0
147706,85818,1.0
147706,89187,1.0
147706,89336,1.0
147706,89750,1.0
147706,89761,1.0
148195,129367,1.0
148195,50920,1.0
148195,75916,1.0
148195,80053,1.0
148195,84716,1.0
148195,85818,1.0
148195,89187,1.0
148195,89336,1.0
148195,89750,1.0
148195,89761,1.0
148371,130123,1.0
148371,131076,1.0
148396,149686,1.0
148569,134873,1.0
148569,20898,1.0
148569,20923,1.0
148569,21794,1.0
148569,36654,1.0
148569,40202,1.0
148569,49058,1.0
148569,50573,1.0
148569,78455,1.0
148569,78469,1.0
148686,144310,1.0
148831,138144,1.0
148845,100725,1.0
148845,141371,1.0
148845,145926,1.0
148845,17932,1.0
148845,75398,1.0
148845,98720,1.0
148845,99146,1.0
148888,129367,1.0
148888,50920,1.0
148888,75916,1.0
148888,80053,1.0
148888,84716,1.0
148888,85818,1.0
148888,89187,1.0
148888,89336,1.0
148888,89750,1.0
148888,89761,1.0
14899,133959,1.0
14899,15037,1.0
14899,26239,1.0
149064,118071,1.0
149064,127446,1.0
149064,133324,1.0
149064,141968,1.0
149064,15491,1.0
149064,156719,1.0
149064,31268,1.0
149064,58376,1.0
149064,93759,1.0
149064,93767,1.0
149173,130996,1.0
149173,135630,1.0
149173,135653,1.0
149173,140244,1.0
149173,141390,1.0
149173,151086,1.0
149173,152754,1.0
149173,157628,1.0
149173,72319,1.0
149173,76093,1.0
149295,150641,1.0
149295,85938,1.0
149492,127978,1.0
149593,107929,1.0
149593,121396,1.0
149593,126780,1.0
149593,134645,1.0
149593,33471,1.0
149593,62063,1.0
149593,86753,1.0
149593,96779,1.0
149686,148396,1.0
149803,137828,1.0
149803,156047,1.0
149803,45115,1.0
149803,92997,1.0
150163,111053,1.0
150163,135197,1.0
150191,118071,1.0
150191,127446,1.0
150191,133324,1.0
150191,141968,1.0
150191,15491,1.0
150191,156719,1.0
150191,31268,1.0
150191,58376,1.0
150191,93759,1.0
150191,93767,1.0
1502,36132,1.0
15037,133959,1.0
15037,14899,1.0
15037,26239,1.0
150418,32055,1.0
150445,105607,1.0
150445,137632,1.0
150445,158918,1.0
150445,163073,1.0
150445,86252,1.0
150509,48901,1.0
150509,68741,1.0
150641,149295,1.0
150641,85938,1.0
150685,130996,1.0
150685,135630,1.0
150685,135653,1.0
150685,140244,1.0
150685,149173,1.0
150685,151086,1.0
150685,152754,1.0
150685,157628,1.0
150685,72319,1.0
150685,76093,1.0
150708,130996,1.0
150708,135630,1.0
150708,135653,1.0
150708,140244,1.0
150708,149173,1.0
150708,151086,1.0
150708,152754,1.0
150708,157628,1.0
150708,72319,1.0
150708,76093,1.0
150828,10783,1.0
150911,130996,1.0
150911,135630,1.0
150911,135653,1.0
150911,140244,1.0
150911,149173,1.0
150911,151086,1.0
150911,152754,1.0
150911,157628,1.0
150911,72319,1.0
150911,76093,1.0
150925,130996,1.0
150925,135630,1.0
150925,135653,1.0
150925,140244,1.0
150925,149173,1.0
150925,151086,1.0
150925,152754,1.0
150925,157628,1.0
150925,72319,1.0
150925,76093,1.0
151086,130996,1.0
151086,135630,1.0
151086,135653,1.0
151086,140244,1.0
151086,141390,1.0
151086,149173,1.0
151086,152754,1.0
151086,157628,1.0
151086,72319,1.0
151086,76093,1.0
151286,132765,1.0
151286,157158,1.0
151464,126134,1.0
151554,128114,1.0
151554,54559,1.0
15210,15376,1.0
15210,96252,1.0
15210,96284,1.0
152121,113693,1.0
152121,119189,1.0
152121,123382,1.0
152121,158067,1.0
152121,158112,1.0
152121,1645,1.0
152121,17789,1.0
152121,80567,1.0
152121,80806,1.0
152121,8135,1.0
152207,108489,1.0
152671,130996,1.0
152671,135630,1.0
152671,135653,1.0
152671,140244,1.0
152671,149173,1.0
152671,151086,1.0
152671,152754,1.0
152671,157628,1.0
152671,72319,1.0
152671,76093,1.0
152754,130996,1.0
152754,135630,1.0
152754,135653,1.0
152754,140244,1.0
152754,141390,1.0
152754,149173,1.0
152754,151086,1.0
152754,157628,1.0
152754,72319,1.0
152754,76093,1.0
152781,130996,1.0
152781,135630,1.0
152781,135653,1.0
152781,140244,1.0
152781,149173,1.0
152781,151086,1.0
152781,152754,1.0
152781,157628,1.0
152781,72319,1.0
152781,76093,1.0
153108,136000,1.0
153286,127439,1.0
153286,127905,1.0
153286,55376,1.0
153286,60728,1.0
153286,68834,1.0
153420,128140,1.0
153420,139624,1.0
153420,154481,1.0
153420,157946,1.0
153420,53463,1.0
153420,63443,1.0
153434,118071,1.0
153434,127446,1.0
153434,133324,1.0
153434,141968,1.0
153434,15491,1.0
153434,156719,1.0
153434,31268,1.0
153434,58376,1.0
153434,93759,1.0
153434,93767,1.0
15376,15210,1.0
15376,96252,1.0
15376,96284,1.0
153970,133704,1.0
153970,140608,1.0
154275,125055,1.0
154275,133774,1.0
154275,136298,1.0
154275,140024,1.0
154303,39754,1.0
154303,52591,1.0
154303,67257,1.0
154303,71975,1.0
154481,128140,1.0
154481,139624,1.0
154481,153420,1.0
154481,157946,1.0
154481,53463,1.0
154481,63443,1.0
154555,116159,1.0
15491,118071,1.0
15491,127446,1.0
15491,133324,1.0
15491,141968,1.0
15491,156719,1.0
15491,160253,1.0
15491,31268,1.0
15491,58376,1.0
15491,93759,1.0
15491,93767,1.0
154926,44699,1.0
155111,35438,1.0
155111,47218,1.0
155111,58951,1.0
155624,118071,1.0
155624,127446,1.0
155624,133324,1.0
155624,141968,1.0
155624,15491,1.0
155624,156719,1.0
155624,31268,1.0
155624,58376,1.0
155624,93759,1.0
155624,93767,1.0
155876,105938,1.0
155876,112050,1.0
155876,131733,1.0
1560,102456,1.0
1560,24815,1.0
1560,27393,1.0
1560,27512,1.0
1560,36152,1.0
1560,46691,1.0
1560,9741,1.0
156009,134873,1.0
156009,20898,1.0
156009,20923,1.0
156009,21794,1.0
156009,36654,1.0
156009,40202,1.0
156009,49058,1.0
156009,50573,1.0
156009,78455,1.0
156009,78469,1.0
156047,137828,1.0
156047,149803,1.0
156047,45115,1.0
156047,92997,1.0
156134,17636,1.0
156134,18043,1.0
156153,45809,1.0
156719,118071,1.0
156719,127446,1.0
156719,133324,1.0
156719,141968,1.0
156719,15491,1.0
156719,160253,1.0
156719,31268,1.0
156719,58376,1.0
156719,93759,1.0
156719,93767,1.0
156737,133278,1.0
156836,131018,1.0
156836,131244,1.0
156836,75847,1.0
156836,75872,1.0
157158,132765,1.0
157158,151286,1.0
157448,163955,1.0
157509,112950,1.0
157509,120438,1.0
157509,134927,1.0
157509,139415,1.0
157509,144830,1.0
157509,164047,1.0
157509,164833,1.0
157509,76096,1.0
157628,130996,1.0
157628,135630,1.0
157628,135653,1.0
157628,140244,1.0
157628,141390,1.0
157628,149173,1.0
157628,151086,1.0
157628,152754,1.0
157628,72319,1.0
157628,76093,1.0
157653,158729,1.0
157653,159836,1.0
157653,60786,1.0
157946,128140,1.0
157946,139624,1.0
157946,153420,1.0
157946,154481,1.0
157946,53463,1.0
157946,63443,1.0
158067,113693,1.0
158067,119189,1.0
158067,123382,1.0
158067,152121,1.0
158067,158112,1.0
158067,1645,1.0
158067,17789,1.0
158067,80567,1.0
158067,80806,1.0
158067,8135,1.0
158083,161610,1.0
158112,113693,1.0
158112,119189,1.0
158112,123382,1.0
158112,152121,1.0
158112,158067,1.0
158112,1645,1.0
158112,17789,1.0
158112,80567,1.0
158112,80806,1.0
158112,8135,1.0
158137,118071,1.0
158137,127446,1.0
158137,133324,1.0
158137,141968,1.0
158137,15491,1.0
158137,156719,1.0
158137,31268,1.0
158137,58376,1.0
158137,93759,1.0
158137,93767,1.0
158167,118071,1.0
158167,127446,1.0
158167,133324,1.0
158167,141968,1.0
158167,15491,1.0
158167,156719,1.0
158167,31268,1.0
158167,58376,1.0
158167,93759,1.0
158167,93767,1.0
158307,162466,1.0
158307,94002,1.0
158621,111912,1.0
158621,24797,1.0
158729,157653,1.0
158729,159836,1.0
158729,60786,1.0
158916,117893,1.0
158916,145940,1.0
158916,146362,1.0
158916,16350,1.0
158916,29321,1.0
158916,463,1.0
158916,50168,1.0
158916,59484,1.0
158916,66036,1.0
158916,66050,1.0
158918,105607,1.0
158918,137632,1.0
158918,150445,1.0
158918,163073,1.0
158918,86252,1.0
159143,132652,1.0
159143,159255,1.0
159143,167296,1.0
159143,167599,1.0
159143,167716,1.0
159143,167765,1.0
159143,167767,1.0
159143,167859,1.0
159143,167874,1.0
159143,58836,1.0
159226,139855,1.0
159255,132652,1.0
159255,159143,1.0
159255,167296,1.0
159255,167599,1.0
159255,167716,1.0
159255,167765,1.0
159255,167767,1.0
159255,167859,1.0
159255,167874,1.0
159255,58836,1.0
159619,161350,1.0
159793,101371,1.0
159793,160604,1.0
159793,92937,1.0
159793,96108,1.0
159836,157653,1.0
159836,158729,1.0
159836,60786,1.0
159879,113751,1.0
159879,167611,1.0
159879,63528,1.0
159879,89657,1.0
159888,118071,1.0
159888,127446,1.0
159888,133324,1.0
159888,141968,1.0
159888,15491,1.0
159888,156719,1.0
159888,31268,1.0
159888,58376,1.0
159888,93759,1.0
159888,93767,1.0
160253,118071,1.0
160253,127446,1.0
160253,133324,1.0
160253,141968,1.0
160253,15491,1.0
160253,156719,1.0
160253,31268,1.0
160253,58376,1.0
160253,93759,1.0
160253,93767,1.0
160604,101371,1.0
160604,159793,1.0
160604,92937,1.0
160604,96108,1.0
160653,107969,1.0
161154,111034,1.0
161154,165062,1.0
161154,18360,1.0
161154,64406,1.0
161350,159619,1.0
161570,18828,1.0
161610,158083,1.0
161772,131876,1.0
161772,165818,1.0
161772,61292,1.0
161800,124740,1.0
162183,49385,1.0
162293,5362,1.0
162466,158307,1.0
162466,94002,1.0
162991,6098,1.0
163073,105607,1.0
163073,137632,1.0
163073,150445,1.0
163073,158918,1.0
163073,86252,1.0
163313,163634,1.0
163313,163843,1.0
163313,164987,1.0
16350,117893,1.0
16350,145940,1.0
16350,146362,1.0
16350,146510,1.0
16350,29321,1.0
16350,463,1.0
16350,50168,1.0
16350,59484,1.0
16350,66036,1.0
16350,66050,1.0
163634,163313,1.0
163634,163843,1.0
163634,164987,1.0
163843,163313,1.0
163843,163634,1.0
163843,164987,1.0
163955,157448,1.0
164047,112950,1.0
164047,120438,1.0
164047,134927,1.0
164047,139415,1.0
164047,144830,1.0
164047,157509,1.0
164047,164833,1.0
164047,76096,1.0
1645,113693,1.0
1645,119189,1.0
1645,123382,1.0
1645,152121,1.0
1645,158067,1.0
1645,158112,1.0
1645,17789,1.0
1645,80567,1.0
1645,80806,1.0
1645,8135,1.0
164782,61485,1.0
164833,112950,1.0
164833,120438,1.0
164833,134927,1.0
164833,139415,1.0
164833,144830,1.0
164833,157509,1.0
164833,164047,1.0
164833,76096,1.0
164852,125736,1.0
164852,137772,1.0
164852,138278,1.0
164852,65555,1.0
164852,88546,1.0
164987,163313,1.0
164987,163634,1.0
164987,163843,1.0
165062,111034,1.0
165062,161154,1.0
165062,18360,1.0
165062,64406,1.0
165818,131876,1.0
165818,161772,1.0
165818,61292,1.0
166412,83852,1.0
167296,132652,1.0
167296,159143,1.0
167296,159255,1.0
167296,167599,1.0
167296,167716,1.0
167296,167765,1.0
167296,167767,1.0
167296,167859,1.0
167296,167874,1.0
167296,58836,1.0
167546,125383,1.0
167546,167663,1.0
167546,167733,1.0
167546,167858,1.0
167546,167871,1.0
167555,122653,1.0
167555,139411,1.0
167555,71299,1.0
167599,132652,1.0
167599,159143,1.0
167599,159255,1.0
167599,167296,1.0
167599,167716,1.0
167599,167765,1.0
167599,167767,1.0
167599,167859,1.0
167599,167874,1.0
167599,58836,1.0
167611,113751,1.0
167611,159879,1.0
167611,63528,1.0
167611,89657,1.0
167663,125383,1.0
167663,167546,1.0
167663,167733,1.0
167663,167858,1.0
167663,167871,1.0
167716,132652,1.0
167716,159143,1.0
167716,159255,1.0
167716,167296,1.0
167716,167599,1.0
167716,167765,1.0
167716,167767,1.0
167716,167859,1.0
167716,167874,1.0
167716,58836,1.0
167733,125383,1.0
167733,167546,1.0
167733,167663,1.0
167733,167858,1.0
167733,167871,1.0
167765,132652,1.0
167765,159143,1.0
167765,159255,1.0
167765,167296,1.0
167765,167599,1.0
167765,167716,1.0
167765,167767,1.0
167765,167859,1.0
167765,167874,1.0
167765,58836,1.0
167767,132652,1.0
167767,159143,1.0
167767,159255,1.0
167767,167296,1.0
167767,167599,1.0
167767,167716,1.0
167767,167765,1.0
167767,167859,1.0
167767,167874,1.0
167767,58836,1.0
167858,125383,1.0
167858,167546,1.0
167858,167663,1.0
167858,167733,1.0
167858,167871,1.0
167859,132652,1.0
167859,159143,1.0
167859,159255,1.0
167859,167296,1.0
167859,167599,1.0
167859,167716,1.0
167859,167765,1.0
167859,167767,1.0
167859,167874,1.0
167859,58836,1.0
167871,125383,1.0
167871,167546,1.0
167871,167663,1.0
167871,167733,1.0
167871,167858,1.0
167874,132652,1.0
167874,159143,1.0
167874,159255,1.0
167874,167296,1.0
167874,167599,1.0
167874,167716,1.0
167874,167765,1.0
167874,167767,1.0
167874,167859,1.0
167874,58836,1.0
16877,18869,1.0
16877,24981,1.0
16877,3264,1.0
16877,3881,1.0
16877,4171,1.0
16877,44468,1.0
16877,45417,1.0
16877,81399,1.0
16877,96738,1.0
16877,96740,1.0
1697,127962,1.0
17067,130876,1.0
17166,32528,1.0
17321,143621,1.0
17321,17620,1.0
17321,31511,1.0
17321,32379,1.0
17321,36025,1.0
17321,53795,1.0
17321,72018,1.0
17321,92131,1.0
17321,94701,1.0
17321,98962,1.0
17456,98185,1.0
17476,1286,1.0
17476,1294,1.0
17476,18166,1.0
17476,20509,1.0
17476,20905,1.0
17476,22336,1.0
17476,99830,1.0
17620,143621,1.0
17620,17321,1.0
17620,31511,1.0
17620,32379,1.0
17620,36025,1.0
17620,53795,1.0
17620,72018,1.0
17620,92131,1.0
17620,94701,1.0
17620,98962,1.0
17636,156134,1.0
17636,18043,1.0
17743,49461,1.0
17770,19355,1.0
17770,20069,1.0
17789,113693,1.0
17789,119189,1.0
17789,123382,1.0
17789,152121,1.0
17789,158067,1.0
17789,158112,1.0
17789,1645,1.0
17789,80567,1.0
17789,80806,1.0
17789,8135,1.0
17932,100725,1.0
17932,141371,1.0
17932,145926,1.0
17932,148845,1.0
17932,75398,1.0
17932,98720,1.0
17932,99146,1.0
18011,21099,1.0
18011,2752,1.0
18011,2922,1.0
18011,48175,1.0
18043,156134,1.0
18043,17636,1.0
18166,1286,1.0
18166,1294,1.0
18166,17476,1.0
18166,20509,1.0
18166,20905,1.0
18166,22336,1.0
18166,99830,1.0
18360,111034,1.0
18360,161154,1.0
18360,165062,1.0
18360,64406,1.0
18620,128585,1.0
18620,521,1.0
18828,161570,1.0
18869,16877,1.0
18869,24981,1.0
18869,3264,1.0
18869,3881,1.0
18869,4171,1.0
18869,44468,1.0
18869,45417,1.0
18869,81399,1.0
18869,96738,1.0
18869,96740,1.0
18925,130160,1.0
18925,134748,1.0
18925,137214,1.0
18925,3486,1.0
18925,56806,1.0
18925,77532,1.0
18925,8469,1.0
18925,86903,1.0
18925,86911,1.0
18999,104634,1.0
18999,114664,1.0
18999,135122,1.0
18999,46658,1.0
19355,17770,1.0
19355,20069,1.0
19924,18869,1.0
19924,24981,1.0
19924,3264,1.0
19924,3881,1.0
19924,4171,1.0
19924,44468,1.0
19924,45417,1.0
19924,81399,1.0
19924,96738,1.0
19924,96740,1.0
20069,17770,1.0
20069,19355,1.0
20111,53994,1.0
20111,54005,1.0
20273,129325,1.0
20273,64550,1.0
20273,89380,1.0
20509,1286,1.0
20509,1294,1.0
20509,17476,1.0
20509,18166,1.0
20509,20905,1.0
20509,22336,1.0
20509,99830,1.0
20687,120835,1.0
20687,131164,1.0
20856,12065,1.0
20898,134873,1.0
20898,20923,1.0
20898,21794,1.0
20898,36654,1.0
20898,40202,1.0
20898,49058,1.0
20898,50573,1.0
20898,78455,1.0
20898,78469,1.0
20898,95776,1.0
20905,1286,1.0
20905,1294,1.0
20905,17476,1.0
20905,18166,1.0
20905,20509,1.0
20905,22336,1.0
20905,99830,1.0
20923,134873,1.0
20923,20898,1.0
20923,21794,1.0
20923,36654,1.0
20923,40202,1.0
20923,49058,1.0
20923,50573,1.0
20923,78455,1.0
20923,78469,1.0
20923,95776,1.0
21099,18011,1.0
21099,2752,1.0
21099,2922,1.0
21099,48175,1.0
21794,134873,1.0
21794,20898,1.0
21794,20923,1.0
21794,36654,1.0
21794,40202,1.0
21794,49058,1.0
21794,50573,1.0
21794,78455,1.0
21794,78469,1.0
21794,95776,1.0
2229,138930,1.0
2229,145550,1.0
22336,1286,1.0
22336,1294,1.0
22336,17476,1.0
22336,18166,1.0
22336,20509,1.0
22336,20905,1.0
22336,99830,1.0
22597,117893,1.0
22597,145940,1.0
22597,146362,1.0
22597,16350,1.0
22597,29321,1.0
22597,463,1.0
22597,50168,1.0
22597,59484,1.0
22597,66036,1.0
22597,66050,1.0
22708,23285,1.0
22746,122918,1.0
22746,127927,1.0
22746,128129,1.0
22746,129326,1.0
22746,129521,1.0
22746,131280,1.0
22746,135735,1.0
22746,26152,1.0
22746,75507,1.0
23285,22708,1.0
23459,90012,1.0
23627,11215,1.0
23627,3459,1.0
23627,3798,1.0
23627,3865,1.0
23627,3870,1.0
23627,4103,1.0
23627,48167,1.0
23627,96535,1.0
23986,26504,1.0
23986,40948,1.0
23986,41502,1.0
23986,8098,1.0
24105,118071,1.0
24105,127446,1.0
24105,133324,1.0
24105,141968,1.0
24105,15491,1.0
24105,156719,1.0
24105,31268,1.0
24105,58376,1.0
24105,93759,1.0
24105,93767,1.0
24216,24752,1.0
24216,25621,1.0
24543,3680,1.0
24637,116592,1.0
24637,25511,1.0
24637,25864,1.0
24637,26162,1.0
24637,26631,1.0
24752,24216,1.0
24752,25621,1.0
24797,111912,1.0
24797,158621,1.0
24815,102456,1.0
24815,1560,1.0
24815,27393,1.0
24815,27512,1.0
24815,36152,1.0
24815,46691,1.0
24815,9741,1.0
24981,16877,1.0
24981,18869,1.0
24981,3264,1.0
24981,3881,1.0
24981,4171,1.0
24981,44468,1.0
24981,45417,1.0
24981,81399,1.0
24981,96738,1.0
24981,96740,1.0
25477,115338,1.0
25477,121755,1.0
25477,124510,1.0
25477,69212,1.0
25477,71443,1.0
25477,73398,1.0
25511,116592,1.0
25511,24637,1.0
25511,25864,1.0
25511,26162,1.0
25511,26631,1.0
25621,24216,1.0
25621,24752,1.0
25835,25855,1.0
25855,25835,1.0
25864,116592,1.0
25864,24637,1.0
25864,25511,1.0
25864,26162,1.0
25864,26631,1.0
25910,26328,1.0
25910,32852,1.0
25974,113693,1.0
25974,119189,1.0
25974,123382,1.0
25974,152121,1.0
25974,158067,1.0
25974,158112,1.0
25974,1645,1.0
25974,80567,1.0
25974,80806,1.0
25974,8135,1.0
26152,122918,1.0
26152,127927,1.0
26152,128129,1.0
26152,129326,1.0
26152,129521,1.0
26152,131280,1.0
26152,135735,1.0
26152,22746,1.0
26152,75507,1.0
26162,116592,1.0
26162,24637,1.0
26162,25511,1.0
26162,25864,1.0
26162,26631,1.0
26239,133959,1.0
26239,14899,1.0
26239,15037,1.0
26328,25910,1.0
26328,32852,1.0
26355,70189,1.0
26504,23986,1.0
26504,40948,1.0
26504,41502,1.0
26504,8098,1.0
26631,116592,1.0
26631,24637,1.0
26631,25511,1.0
26631,25864,1.0
26631,26162,1.0
26733,27658,1.0
26733,32607,1.0
26907,27137,1.0
27137,26907,1.0
27184,110178,1.0
27184,122676,1.0
27184,122692,1.0
27184,126010,1.0
27184,127971,1.0
27184,129073,1.0
27184,130048,1.0
27184,90178,1.0
27184,94265,1.0
27184,9601,1.0
2735,2745,1.0
27393,102456,1.0
27393,1560,1.0
27393,24815,1.0
27393,27512,1.0
27393,36152,1.0
27393,46691,1.0
27393,9741,1.0
2745,2735,1.0
27512,102456,1.0
27512,1560,1.0
27512,24815,1.0
27512,27393,1.0
27512,36152,1.0
27512,46691,1.0
27512,9741,1.0
2752,18011,1.0
2752,21099,1.0
2752,2922,1.0
2752,48175,1.0
27658,26733,1.0
27658,32607,1.0
27888,122484,1.0
27888,125346,1.0
27888,14347,1.0
27888,14414,1.0
27888,31056,1.0
27888,52617,1.0
27888,55381,1.0
27888,90372,1.0
28109,100071,1.0
28109,53549,1.0
28109,53658,1.0
28109,56690,1.0
28109,56858,1.0
28109,57032,1.0
28109,73970,1.0
28109,78793,1.0
28109,81932,1.0
28109,81934,1.0
28200,126876,1.0
28200,40387,1.0
28200,51628,1.0
28677,101348,1.0
28677,10647,1.0
28677,13276,1.0
28677,46582,1.0
28725,36474,1.0
28725,38142,1.0
28725,77037,1.0
28725,78729,1.0
28725,79826,1.0
28725,80163,1.0
28725,80513,1.0
28725,81101,1.0
28725,82904,1.0
28725,84819,1.0
28769,90180,1.0
28981,130996,1.0
28981,135630,1.0
28981,135653,1.0
28981,140244,1.0
28981,149173,1.0
28981,151086,1.0
28981,152754,1.0
28981,157628,1.0
28981,72319,1.0
28981,76093,1.0
29045,117893,1.0
29045,145940,1.0
29045,146362,1.0
29045,16350,1.0
29045,29321,1.0
29045,463,1.0
29045,50168,1.0
29045,59484,1.0
29045,66036,1.0
29045,66050,1.0
29055,44496,1.0
29055,45031,1.0
2922,18011,1.0
2922,21099,1.0
2922,2752,1.0
2922,48175,1.0
29321,117893,1.0
29321,145940,1.0
29321,146362,1.0
29321,146510,1.0
29321,16350,1.0
29321,463,1.0
29321,50168,1.0
29321,59484,1.0
29321,66036,1.0
29321,66050,1.0
29515,104662,1.0
29515,43725,1.0
29515,49067,1.0
29515,90242,1.0
29515,90805,1.0
29816,78365,1.0
30043,10690,1.0
30043,11394,1.0
30043,4232,1.0
30043,737,1.0
30043,8195,1.0
30531,110178,1.0
30531,122676,1.0
30531,122692,1.0
30531,126010,1.0
30531,127971,1.0
30531,129073,1.0
30531,130048,1.0
30531,90178,1.0
30531,94265,1.0
30531,9601,1.0
30585,116404,1.0
30585,120834,1.0
30585,30943,1.0
30585,72856,1.0
30850,138011,1.0
30850,39566,1.0
30943,116404,1.0
30943,120834,1.0
30943,30585,1.0
30943,72856,1.0
31056,122484,1.0
31056,125346,1.0
31056,14347,1.0
31056,14414,1.0
31056,27888,1.0
31056,52617,1.0
31056,55381,1.0
31056,90372,1.0
31268,118071,1.0
31268,127446,1.0
31268,133324,1.0
31268,141968,1.0
31268,15491,1.0
31268,156719,1.0
31268,160253,1.0
31268,58376,1.0
31268,93759,1.0
31268,93767,1.0
31511,143621,1.0
31511,17321,1.0
31511,17620,1.0
31511,32379,1.0
31511,36025,1.0
31511,53795,1.0
31511,72018,1.0
31511,92131,1.0
31511,94701,1.0
31511,98962,1.0
3155,93551,1.0
31569,47757,1.0
31569,63796,1.0
32055,150418,1.0
32379,143621,1.0
32379,17321,1.0
32379,17620,1.0
32379,31511,1.0
32379,36025,1.0
32379,53795,1.0
32379,72018,1.0
32379,92131,1.0
32379,94701,1.0
32379,98962,1.0
32528,17166,1.0
32552,134602,1.0
32552,142660,1.0
32552,93490,1.0
32607,26733,1.0
32607,27658,1.0
3264,16877,1.0
3264,18869,1.0
3264,24981,1.0
3264,3881,1.0
3264,4171,1.0
3264,44468,1.0
3264,45417,1.0
3264,81399,1.0
3264,96738,1.0
3264,96740,1.0
32852,25910,1.0
32852,26328,1.0
33266,39677,1.0
33266,55105,1.0
33471,107929,1.0
33471,121396,1.0
33471,126780,1.0
33471,134645,1.0
33471,149593,1.0
33471,62063,1.0
33471,86753,1.0
33471,96779,1.0
33982,110178,1.0
33982,122676,1.0
33982,122692,1.0
33982,126010,1.0
33982,127971,1.0
33982,129073,1.0
33982,130048,1.0
33982,90178,1.0
33982,94265,1.0
33982,9601,1.0
34385,143498,1.0
34385,4718,1.0
34385,66924,1.0
34385,80525,1.0
3459,11215,1.0
3459,23627,1.0
3459,3798,1.0
3459,3865,1.0
3459,3870,1.0
3459,4103,1.0
3459,48167,1.0
3459,96535,1.0
34594,118071,1.0
34594,127446,1.0
34594,133324,1.0
34594,141968,1.0
34594,15491,1.0
34594,156719,1.0
34594,31268,1.0
34594,58376,1.0
34594,93759,1.0
34594,93767,1.0
3486,130160,1.0
3486,134748,1.0
3486,137214,1.0
3486,18925,1.0
3486,56806,1.0
3486,77532,1.0
3486,8469,1.0
3486,86903,1.0
3486,86911,1.0
35224,36712,1.0
35224,74071,1.0
35438,155111,1.0
35438,47218,1.0
35438,58951,1.0
35719,56264,1.0
35719,58311,1.0
35719,59596,1.0
35719,64700,1.0
35719,95540,1.0
36025,143621,1.0
36025,17321,1.0
36025,17620,1.0
36025,31511,1.0
36025,32379,1.0
36025,53795,1.0
36025,72018,1.0
36025,92131,1.0
36025,94701,1.0
36025,98962,1.0
3604,109361,1.0
36132,1502,1.0
36152,102456,1.0
36152,1560,1.0
36152,24815,1.0
36152,27393,1.0
36152,27512,1.0
36152,46691,1.0
36152,9741,1.0
36474,108778,1.0
36474,38142,1.0
36474,77037,1.0
36474,78729,1.0
36474,79826,1.0
36474,80163,1.0
36474,80513,1.0
36474,81101,1.0
36474,82904,1.0
36474,84819,1.0
36654,134873,1.0
36654,20898,1.0
36654,20923,1.0
36654,21794,1.0
36654,40202,1.0
36654,49058,1.0
36654,50573,1.0
36654,78455,1.0
36654,78469,1.0
36654,95776,1.0
36712,35224,1.0
36712,74071,1.0
3680,24543,1.0
36847,138503,1.0
36847,85226,1.0
37078,90739,1.0
37205,102965,1.0
37205,11800,1.0
37205,49768,1.0
37392,130498,1.0
37392,46058,1.0
37392,48004,1.0
37736,59651,1.0
37770,95620,1.0
37797,54394,1.0
3798,11215,1.0
3798,23627,1.0
3798,3459,1.0
3798,3865,1.0
3798,3870,1.0
3798,4103,1.0
3798,48167,1.0
3798,96535,1.0
38142,108778,1.0
38142,36474,1.0
38142,77037,1.0
38142,78729,1.0
38142,79826,1.0
38142,80163,1.0
38142,80513,1.0
38142,81101,1.0
38142,82904,1.0
38142,84819,1.0
38618,104270,1.0
38618,113641,1.0
38618,121730,1.0
38618,142608,1.0
38618,71487,1.0
38618,71532,1.0
38618,74865,1.0
3865,11215,1.0
3865,23627,1.0
3865,3459,1.0
3865,3798,1.0
3865,3870,1.0
3865,4103,1.0
3865,48167,1.0
3865,96535,1.0
3870,11215,1.0
3870,23627,1.0
3870,3459,1.0
3870,3798,1.0
3870,3865,1.0
3870,4103,1.0
3870,48167,1.0
3870,96535,1.0
3881,16877,1.0
3881,18869,1.0
3881,24981,1.0
3881,3264,1.0
3881,4171,1.0
3881,44468,1.0
3881,45417,1.0
3881,81399,1.0
3881,96738,1.0
3881,96740,1.0
39064,102207,1.0
39064,104829,1.0
39064,122119,1.0
39238,98353,1.0
39566,138011,1.0
39566,30850,1.0
39677,33266,1.0
39677,55105,1.0
39754,154303,1.0
39754,52591,1.0
39754,67257,1.0
39754,71975,1.0
39811,39922,1.0
39901,100443,1.0
39901,110550,1.0
39901,126527,1.0
39901,138526,1.0
39901,140559,1.0
39901,43862,1.0
39901,46102,1.0
39901,97443,1.0
39922,39811,1.0
39948,112448,1.0
39948,68172,1.0
40202,134873,1.0
40202,20898,1.0
40202,20923,1.0
40202,21794,1.0
40202,36654,1.0
40202,49058,1.0
40202,50573,1.0
40202,78455,1.0
40202,78469,1.0
40202,95776,1.0
40211,36474,1.0
40211,38142,1.0
40211,77037,1.0
40211,78729,1.0
40211,79826,1.0
40211,80163,1.0
40211,80513,1.0
40211,81101,1.0
40211,82904,1.0
40211,84819,1.0
40263,103915,1.0
40263,109583,1.0
40263,116182,1.0
40263,121918,1.0
40263,144455,1.0
40263,8057,1.0
40387,126876,1.0
40387,28200,1.0
40387,51628,1.0
40610,113693,1.0
40610,119189,1.0
40610,123382,1.0
40610,152121,1.0
40610,158067,1.0
40610,158112,1.0
40610,1645,1.0
40610,80567,1.0
40610,80806,1.0
40610,8135,1.0
40693,10588,1.0
40693,45303,1.0
40693,586,1.0
40693,82089,1.0
40693,86554,1.0
40693,89548,1.0
40693,92647,1.0
40693,93289,1.0
40948,23986,1.0
40948,26504,1.0
40948,41502,1.0
40948,8098,1.0
4103,11215,1.0
4103,23627,1.0
4103,3459,1.0
4103,3798,1.0
4103,3865,1.0
4103,3870,1.0
4103,48167,1.0
4103,96535,1.0
41132,41142,1.0
41142,41132,1.0
41219,41494,1.0
41219,41543,1.0
41494,41219,1.0
41494,41543,1.0
41502,23986,1.0
41502,26504,1.0
41502,40948,1.0
41502,8098,1.0
41543,41219,1.0
41543,41494,1.0
4171,16877,1.0
4171,18869,1.0
4171,24981,1.0
4171,3264,1.0
4171,3881,1.0
4171,44468,1.0
4171,45417,1.0
4171,81399,1.0
4171,96738,1.0
4171,96740,1.0
41871,42126,1.0
42126,41871,1.0
4232,10690,1.0
4232,11394,1.0
4232,30043,1.0
4232,737,1.0
4232,8195,1.0
42471,43562,1.0
42715,42813,1.0
42813,42715,1.0
43235,87235,1.0
43462,44257,1.0
43462,44942,1.0
43462,45893,1.0
43462,46328,1.0
43462,46804,1.0
43562,42471,1.0
43725,104662,1.0
43725,29515,1.0
43725,49067,1.0
43725,90242,1.0
43725,90805,1.0
43818,75146,1.0
4383,144854,1.0
43862,100443,1.0
43862,110550,1.0
43862,126527,1.0
43862,138526,1.0
43862,140559,1.0
43862,39901,1.0
43862,46102,1.0
43862,97443,1.0
44257,43462,1.0
44257,44942,1.0
44257,45893,1.0
44257,46328,1.0
44257,46804,1.0
44468,16877,1.0
44468,18869,1.0
44468,24981,1.0
44468,3264,1.0
44468,3881,1.0
44468,4171,1.0
44468,45417,1.0
44468,81399,1.0
44468,96738,1.0
44468,96740,1.0
44496,29055,1.0
44496,45031,1.0
44699,154926,1.0
44942,43462,1.0
44942,44257,1.0
44942,45893,1.0
44942,46328,1.0
44942,46804,1.0
45031,29055,1.0
45031,44496,1.0
45115,137828,1.0
45115,149803,1.0
45115,156047,1.0
45115,92997,1.0
45303,10588,1.0
45303,40693,1.0
45303,586,1.0
45303,82089,1.0
45303,86554,1.0
45303,89548,1.0
45303,92647,1.0
45303,93289,1.0
45417,16877,1.0
45417,18869,1.0
45417,24981,1.0
45417,3264,1.0
45417,3881,1.0
45417,4171,1.0
45417,44468,1.0
45417,81399,1.0
45417,96738,1.0
45417,96740,1.0
45809,156153,1.0
45893,43462,1.0
45893,44257,1.0
45893,44942,1.0
45893,46328,1.0
45893,46804,1.0
46058,130498,1.0
46058,37392,1.0
46058,48004,1.0
46102,100443,1.0
46102,110550,1.0
46102,126527,1.0
46102,138526,1.0
46102,140559,1.0
46102,39901,1.0
46102,43862,1.0
46102,97443,1.0
46284,51634,1.0
463,117893,1.0
463,145940,1.0
463,146362,1.0
463,146510,1.0
463,16350,1.0
463,29321,1.0
463,50168,1.0
463,59484,1.0
463,66036,1.0
463,66050,1.0
46328,43462,1.0
46328,44257,1.0
46328,44942,1.0
46328,45893,1.0
46328,46804,1.0
46429,129899,1.0
46429,50044,1.0
46429,65993,1.0
46497,62031,1.0
46567,54503,1.0
46582,101348,1.0
46582,10647,1.0
46582,13276,1.0
46582,28677,1.0
46658,104634,1.0
46658,114664,1.0
46658,135122,1.0
46658,18999,1.0
46691,102456,1.0
46691,1560,1.0
46691,24815,1.0
46691,27393,1.0
46691,27512,1.0
46691,36152,1.0
46691,9741,1.0
46771,144314,1.0
46804,43462,1.0
46804,44257,1.0
46804,44942,1.0
46804,45893,1.0
46804,46328,1.0
47025,5766,1.0
4718,143498,1.0
4718,34385,1.0
4718,66924,1.0
4718,80525,1.0
47218,155111,1.0
47218,35438,1.0
47218,58951,1.0
47757,31569,1.0
47757,63796,1.0
47941,121123,1.0
48004,130498,1.0
48004,37392,1.0
48004,46058,1.0
48106,112518,1.0
48106,127128,1.0
48106,52611,1.0
48106,81843,1.0
48167,11215,1.0
48167,23627,1.0
48167,3459,1.0
48167,3798,1.0
48167,3865,1.0
48167,3870,1.0
48167,4103,1.0
48167,96535,1.0
48175,18011,1.0
48175,21099,1.0
48175,2752,1.0
48175,2922,1.0
48234,110827,1.0
48234,146010,1.0
48234,147663,1.0
48831,85952,1.0
48844,104173,1.0
48844,62188,1.0
48901,150509,1.0
48901,68741,1.0
49058,134873,1.0
49058,20898,1.0
49058,20923,1.0
49058,21794,1.0
49058,36654,1.0
49058,40202,1.0
49058,50573,1.0
49058,78455,1.0
49058,78469,1.0
49058,95776,1.0
49067,104662,1.0
49067,29515,1.0
49067,43725,1.0
49067,90242,1.0
49067,90805,1.0
49116,83862,1.0
49116,85985,1.0
49116,92096,1.0
49116,92352,1.0
49116,94517,1.0
49241,127457,1.0
49289,63412,1.0
49385,162183,1.0
49461,17743,1.0
49768,102965,1.0
49768,11800,1.0
49768,37205,1.0
49964,127722,1.0
49964,81931,1.0
50044,129899,1.0
50044,46429,1.0
50044,65993,1.0
50168,117893,1.0
50168,145940,1.0
50168,146362,1.0
50168,146510,1.0
50168,16350,1.0
50168,29321,1.0
50168,463,1.0
50168,59484,1.0
50168,66036,1.0
50168,66050,1.0
50280,145499,1.0
50280,51996,1.0
50416,122919,1.0
50416,51022,1.0
50573,134873,1.0
50573,20898,1.0
50573,20923,1.0
50573,21794,1.0
50573,36654,1.0
50573,40202,1.0
50573,49058,1.0
50573,78455,1.0
50573,78469,1.0
50573,95776,1.0
50791,59629,1.0
50791,87870,1.0
50920,129367,1.0
50920,148888,1.0
50920,75916,1.0
50920,80053,1.0
50920,84716,1.0
50920,85818,1.0
50920,89187,1.0
50920,89336,1.0
50920,89750,1.0
50920,89761,1.0
50937,100620,1.0
50937,54239,1.0
50937,69590,1.0
50937,91492,1.0
50974,52251,1.0
51022,122919,1.0
51022,50416,1.0
51628,126876,1.0
51628,28200,1.0
51628,40387,1.0
51634,46284,1.0
51841,109621,1.0
51996,145499,1.0
51996,50280,1.0
52083,56879,1.0
521,128585,1.0
521,18620,1.0
52218,78998,1.0
52218,79000,1.0
52251,50974,1.0
52344,36474,1.0
52344,38142,1.0
52344,77037,1.0
52344,78729,1.0
52344,79826,1.0
52344,80163,1.0
52344,80513,1.0
52344,81101,1.0
52344,82904,1.0
52344,84819,1.0
52522,64774,1.0
52591,154303,1.0
52591,39754,1.0
52591,67257,1.0
52591,71975,1.0
52611,112518,1.0
52611,127128,1.0
52611,48106,1.0
52611,81843,1.0
52617,122484,1.0
52617,125346,1.0
52617,14347,1.0
52617,14414,1.0
52617,27888,1.0
52617,31056,1.0
52617,55381,1.0
52617,90372,1.0
52857,136140,1.0
52857,84412,1.0
52968,140533,1.0
53266,100071,1.0
53266,53549,1.0
53266,53658,1.0
53266,56690,1.0
53266,56858,1.0
53266,57032,1.0
53266,73970,1.0
53266,78793,1.0
53266,81932,1.0
53266,81934,1.0
53463,128140,1.0
53463,139624,1.0
53463,153420,1.0
53463,154481,1.0
53463,157946,1.0
53463,63443,1.0
53468,73040,1.0
53468,92335,1.0
53468,92336,1.0
53549,100071,1.0
53549,53658,1.0
53549,56690,1.0
53549,56858,1.0
53549,57032,1.0
53549,73970,1.0
53549,78791,1.0
53549,78793,1.0
53549,81932,1.0
53549,81934,1.0
53610,61035,1.0
53610,63005,1.0
53610,90118,1.0
53610,91011,1.0
53610,98653,1.0
5362,162293,1.0
53658,100071,1.0
53658,53549,1.0
53658,56690,1.0
53658,56858,1.0
53658,57032,1.0
53658,73970,1.0
53658,78791,1.0
53658,78793,1.0
53658,81932,1.0
53658,81934,1.0
53795,143621,1.0
53795,17321,1.0
53795,17620,1.0
53795,31511,1.0
53795,32379,1.0
53795,36025,1.0
53795,72018,1.0
53795,92131,1.0
53795,94701,1.0
53795,98962,1.0
53832,71525,1.0
53994,20111,1.0
53994,54005,1.0
54005,20111,1.0
54005,53994,1.0
54239,100620,1.0
54239,50937,1.0
54239,69590,1.0
54239,91492,1.0
54394,37797,1.0
54484,8381,1.0
54503,46567,1.0
54559,128114,1.0
54559,151554,1.0
54787,56561,1.0
55105,33266,1.0
55105,39677,1.0
55187,58274,1.0
55187,61915,1.0
55376,127439,1.0
55376,127905,1.0
55376,153286,1.0
55376,60728,1.0
55376,68834,1.0
55381,122484,1.0
55381,125346,1.0
55381,14347,1.0
55381,14414,1.0
55381,27888,1.0
55381,31056,1.0
55381,52617,1.0
55381,90372,1.0
55725,85746,1.0
55898,107034,1.0
55898,136501,1.0
55898,77191,1.0
56110,71177,1.0
56264,35719,1.0
56264,58311,1.0
56264,59596,1.0
56264,64700,1.0
56264,95540,1.0
56418,59927,1.0
56418,64530,1.0
56561,54787,1.0
56617,101469,1.0
56617,89632,1.0
56690,100071,1.0
56690,53549,1.0
56690,53658,1.0
56690,56858,1.0
56690,57032,1.0
56690,73970,1.0
56690,78791,1.0
56690,78793,1.0
56690,81932,1.0
56690,81934,1.0
56721,82448,1.0
56806,130160,1.0
56806,134748,1.0
56806,137214,1.0
56806,18925,1.0
56806,3486,1.0
56806,77532,1.0
56806,8469,1.0
56806,86903,1.0
56806,86911,1.0
56858,100071,1.0
56858,53549,1.0
56858,53658,1.0
56858,56690,1.0
56858,57032,1.0
56858,73970,1.0
56858,78791,1.0
56858,78793,1.0
56858,81932,1.0
56858,81934,1.0
56879,52083,1.0
57032,100071,1.0
57032,53549,1.0
57032,53658,1.0
57032,56690,1.0
57032,56858,1.0
57032,73970,1.0
57032,78791,1.0
57032,78793,1.0
57032,81932,1.0
57032,81934,1.0
57396,124875,1.0
5766,47025,1.0
58274,55187,1.0
58274,61915,1.0
58311,35719,1.0
58311,56264,1.0
58311,59596,1.0
58311,64700,1.0
58311,95540,1.0
58376,118071,1.0
58376,127446,1.0
58376,133324,1.0
58376,141968,1.0
58376,15491,1.0
58376,156719,1.0
58376,160253,1.0
58376,31268,1.0
58376,93759,1.0
58376,93767,1.0
586,10588,1.0
586,40693,1.0
586,45303,1.0
586,82089,1.0
586,86554,1.0
586,89548,1.0
586,92647,1.0
586,93289,1.0
58836,132652,1.0
58836,159143,1.0
58836,159255,1.0
58836,167296,1.0
58836,167599,1.0
58836,167716,1.0
58836,167765,1.0
58836,167767,1.0
58836,167859,1.0
58836,167874,1.0
58951,155111,1.0
58951,35438,1.0
58951,47218,1.0
59004,81794,1.0
59077,132723,1.0
59077,72734,1.0
59077,74496,1.0
59077,81677,1.0
59092,107682,1.0
59092,92197,1.0
59205,93059,1.0
59484,117893,1.0
59484,145940,1.0
59484,146362,1.0
59484,146510,1.0
59484,16350,1.0
59484,29321,1.0
59484,463,1.0
59484,50168,1.0
59484,66036,1.0
59484,66050,1.0
59596,35719,1.0
59596,56264,1.0
59596,58311,1.0
59596,64700,1.0
59596,95540,1.0
59629,50791,1.0
59629,87870,1.0
59651,37736,1.0
59927,56418,1.0
59927,64530,1.0
60438,60913,1.0
60554,144629,1.0
60554,60671,1.0
60554,63259,1.0
60671,144629,1.0
60671,60554,1.0
60671,63259,1.0
60728,127439,1.0
60728,127905,1.0
60728,153286,1.0
60728,55376,1.0
60728,68834,1.0
60786,157653,1.0
60786,158729,1.0
60786,159836,1.0
60913,60438,1.0
6098,162991,1.0
61035,53610,1.0
61035,63005,1.0
61035,90118,1.0
61035,91011,1.0
61035,98653,1.0
61292,131876,1.0
61292,161772,1.0
61292,165818,1.0
61485,164782,1.0
61915,55187,1.0
61915,58274,1.0
62031,46497,1.0
62063,107929,1.0
62063,121396,1.0
62063,126780,1.0
62063,134645,1.0
62063,149593,1.0
62063,33471,1.0
62063,86753,1.0
62063,96779,1.0
62188,104173,1.0
62188,48844,1.0
62239,63328,1.0
62819,63467,1.0
63005,53610,1.0
63005,61035,1.0
63005,90118,1.0
63005,91011,1.0
63005,98653,1.0
63259,144629,1.0
63259,60554,1.0
63259,60671,1.0
63305,122413,1.0
63328,62239,1.0
63412,49289,1.0
63443,128140,1.0
63443,139624,1.0
63443,153420,1.0
63443,154481,1.0
63443,157946,1.0
63443,53463,1.0
63467,62819,1.0
63528,113751,1.0
63528,159879,1.0
63528,167611,1.0
63528,89657,1.0
63796,31569,1.0
63796,47757,1.0
64074,143621,1.0
64074,17321,1.0
64074,17620,1.0
64074,31511,1.0
64074,32379,1.0
64074,36025,1.0
64074,53795,1.0
64074,72018,1.0
64074,92131,1.0
64074,98962,1.0
64132,129367,1.0
64132,50920,1.0
64132,75916,1.0
64132,80053,1.0
64132,84716,1.0
64132,85818,1.0
64132,89187,1.0
64132,89336,1.0
64132,89750,1.0
64132,89761,1.0
64406,111034,1.0
64406,161154,1.0
64406,165062,1.0
64406,18360,1.0
64445,113693,1.0
64445,119189,1.0
64445,123382,1.0
64445,152121,1.0
64445,158067,1.0
64445,158112,1.0
64445,1645,1.0
64445,80567,1.0
64445,80806,1.0
64445,8135,1.0
64530,56418,1.0
64530,59927,1.0
64550,129325,1.0
64550,20273,1.0
64550,89380,1.0
64700,35719,1.0
64700,56264,1.0
64700,58311,1.0
64700,59596,1.0
64700,95540,1.0
64774,52522,1.0
65555,125736,1.0
65555,137772,1.0
65555,138278,1.0
65555,164852,1.0
65555,88546,1.0
65993,129899,1.0
65993,46429,1.0
65993,50044,1.0
66036,117893,1.0
66036,145940,1.0
66036,146362,1.0
66036,146510,1.0
66036,16350,1.0
66036,29321,1.0
66036,463,1.0
66036,50168,1.0
66036,59484,1.0
66036,66050,1.0
66050,117893,1.0
66050,145940,1.0
66050,146362,1.0
66050,146510,1.0
66050,16350,1.0
66050,29321,1.0
66050,463,1.0
66050,50168,1.0
66050,59484,1.0
66050,66036,1.0
66924,143498,1.0
66924,34385,1.0
66924,4718,1.0
66924,80525,1.0
67257,154303,1.0
67257,39754,1.0
67257,52591,1.0
67257,71975,1.0
67555,109722,1.0
67555,115986,1.0
67555,88534,1.0
67642,119900,1.0
68121,93216,1.0
68121,93268,1.0
68121,93321,1.0
68172,112448,1.0
68172,39948,1.0
68499,10329,1.0
68499,83263,1.0
68499,85570,1.0
68741,150509,1.0
68741,48901,1.0
68822,10819,1.0
68822,140120,1.0
68822,140322,1.0
68834,127439,1.0
68834,127905,1.0
68834,153286,1.0
68834,55376,1.0
68834,60728,1.0
69212,115338,1.0
69212,121755,1.0
69212,124510,1.0
69212,25477,1.0
69212,71443,1.0
69212,73398,1.0
69469,103257,1.0
69590,100620,1.0
69590,50937,1.0
69590,54239,1.0
69590,91492,1.0
70034,70253,1.0
70189,26355,1.0
70253,70034,1.0
70817,97873,1.0
71177,56110,1.0
71299,122653,1.0
71299,139411,1.0
71299,167555,1.0
71443,115338,1.0
71443,121755,1.0
71443,124510,1.0
71443,25477,1.0
71443,69212,1.0
71443,73398,1.0
71482,71608,1.0
71487,104270,1.0
71487,113641,1.0
71487,121730,1.0
71487,142608,1.0
71487,38618,1.0
71487,71532,1.0
71487,74865,1.0
71525,53832,1.0
71532,104270,1.0
71532,113641,1.0
71532,121730,1.0
71532,142608,1.0
71532,38618,1.0
71532,71487,1.0
71532,74865,1.0
71602,98227,1.0
71602,98239,1.0
71602,98249,1.0
71602,98268,1.0
71602,98281,1.0
71602,98288,1.0
71602,98376,1.0
71605,93626,1.0
71608,71482,1.0
71837,1236,1.0
71975,154303,1.0
71975,39754,1.0
71975,52591,1.0
71975,67257,1.0
72018,143621,1.0
72018,17321,1.0
72018,17620,1.0
72018,31511,1.0
72018,32379,1.0
72018,36025,1.0
72018,53795,1.0
72018,92131,1.0
72018,94701,1.0
72018,98962,1.0
72191,113693,1.0
72191,119189,1.0
72191,123382,1.0
72191,152121,1.0
72191,158067,1.0
72191,158112,1.0
72191,1645,1.0
72191,80567,1.0
72191,80806,1.0
72191,8135,1.0
72319,130996,1.0
72319,135630,1.0
72319,135653,1.0
72319,140244,1.0
72319,141390,1.0
72319,149173,1.0
72319,151086,1.0
72319,152754,1.0
72319,157628,1.0
72319,76093,1.0
72320,72477,1.0
72477,72320,1.0
72734,132723,1.0
72734,59077,1.0
72734,74496,1.0
72734,81677,1.0
72856,116404,1.0
72856,120834,1.0
72856,30585,1.0
72856,30943,1.0
73040,53468,1.0
73040,92335,1.0
73040,92336,1.0
73398,115338,1.0
73398,121755,1.0
73398,124510,1.0
73398,25477,1.0
73398,69212,1.0
73398,71443,1.0
737,10690,1.0
737,11394,1.0
737,30043,1.0
737,4232,1.0
737,8195,1.0
73804,117893,1.0
73804,145940,1.0
73804,146362,1.0
73804,16350,1.0
73804,29321,1.0
73804,463,1.0
73804,50168,1.0
73804,59484,1.0
73804,66036,1.0
73804,66050,1.0
73970,100071,1.0
73970,53549,1.0
73970,53658,1.0
73970,56690,1.0
73970,56858,1.0
73970,57032,1.0
73970,78791,1.0
73970,78793,1.0
73970,81932,1.0
73970,81934,1.0
74071,35224,1.0
74071,36712,1.0
74175,110007,1.0
74175,82206,1.0
74175,82251,1.0
74183,83533,1.0
74183,84672,1.0
74239,74668,1.0
74496,132723,1.0
74496,59077,1.0
74496,72734,1.0
74496,81677,1.0
74668,74239,1.0
74690,133273,1.0
74791,146628,1.0
74807,107296,1.0
74865,104270,1.0
74865,113641,1.0
74865,121730,1.0
74865,142608,1.0
74865,38618,1.0
74865,71487,1.0
74865,71532,1.0
749,769,1.0
749,97641,1.0
749,97659,1.0
749,97673,1.0
749,97725,1.0
749,97756,1.0
749,97790,1.0
749,97944,1.0
75067,116892,1.0
75067,132895,1.0
75067,86043,1.0
75067,93079,1.0
75146,43818,1.0
75398,100725,1.0
75398,141371,1.0
75398,145926,1.0
75398,148845,1.0
75398,17932,1.0
75398,98720,1.0
75398,99146,1.0
75507,122918,1.0
75507,127927,1.0
75507,128129,1.0
75507,129326,1.0
75507,129521,1.0
75507,131280,1.0
75507,135735,1.0
75507,22746,1.0
75507,26152,1.0
75847,131018,1.0
75847,131244,1.0
75847,156836,1.0
75847,75872,1.0
75872,131018,1.0
75872,131244,1.0
75872,156836,1.0
75872,75847,1.0
75916,129367,1.0
75916,148888,1.0
75916,50920,1.0
75916,80053,1.0
75916,84716,1.0
75916,85818,1.0
75916,89187,1.0
75916,89336,1.0
75916,89750,1.0
75916,89761,1.0
76014,129367,1.0
76014,50920,1.0
76014,75916,1.0
76014,80053,1.0
76014,84716,1.0
76014,85818,1.0
76014,89187,1.0
76014,89336,1.0
76014,89750,1.0
76014,89761,1.0
76093,130996,1.0
76093,135630,1.0
76093,135653,1.0
76093,140244,1.0
76093,141390,1.0
76093,149173,1.0
76093,151086,1.0
76093,152754,1.0
76093,157628,1.0
76093,72319,1.0
76096,112950,1.0
76096,120438,1.0
76096,134927,1.0
76096,139415,1.0
76096,144830,1.0
76096,157509,1.0
76096,164047,1.0
76096,164833,1.0
769,749,1.0
769,97641,1.0
769,97659,1.0
769,97673,1.0
769,97725,1.0
769,97756,1.0
769,97790,1.0
769,97944,1.0
76971,144025,1.0
77037,108778,1.0
77037,36474,1.0
77037,38142,1.0
77037,78729,1.0
77037,79826,1.0
77037,80163,1.0
77037,80513,1.0
77037,81101,1.0
77037,82904,1.0
77037,84819,1.0
77191,107034,1.0
77191,136501,1.0
77191,55898,1.0
77532,130160,1.0
77532,134748,1.0
77532,137214,1.0
77532,18925,1.0
77532,3486,1.0
77532,56806,1.0
77532,8469,1.0
77532,86903,1.0
77532,86911,1.0
77575,36474,1.0
77575,38142,1.0
77575,77037,1.0
77575,78729,1.0
77575,79826,1.0
77575,80163,1.0
77575,80513,1.0
77575,81101,1.0
77575,82904,1.0
77575,84819,1.0
78259,78271,1.0
78271,78259,1.0
78365,29816,1.0
78455,134873,1.0
78455,20898,1.0
78455,20923,1.0
78455,21794,1.0
78455,36654,1.0
78455,40202,1.0
78455,49058,1.0
78455,50573,1.0
78455,78469,1.0
78455,95776,1.0
78469,134873,1.0
78469,20898,1.0
78469,20923,1.0
78469,21794,1.0
78469,36654,1.0
78469,40202,1.0
78469,49058,1.0
78469,50573,1.0
78469,78455,1.0
78469,95776,1.0
78482,129367,1.0
78482,50920,1.0
78482,75916,1.0
78482,80053,1.0
78482,84716,1.0
78482,85818,1.0
78482,89187,1.0
78482,89336,1.0
78482,89750,1.0
78482,89761,1.0
78729,108778,1.0
78729,36474,1.0
78729,38142,1.0
78729,77037,1.0
78729,79826,1.0
78729,80163,1.0
78729,80513,1.0
78729,81101,1.0
78729,82904,1.0
78729,84819,1.0
78791,100071,1.0
78791,53549,1.0
78791,53658,1.0
78791,56690,1.0
78791,56858,1.0
78791,57032,1.0
78791,73970,1.0
78791,78793,1.0
78791,81932,1.0
78791,81934,1.0
78793,100071,1.0
78793,53549,1.0
78793,53658,1.0
78793,56690,1.0
78793,56858,1.0
78793,57032,1.0
78793,73970,1.0
78793,78791,1.0
78793,81932,1.0
78793,81934,1.0
78998,52218,1.0
78998,79000,1.0
79000,52218,1.0
79000,78998,1.0
79826,108778,1.0
79826,36474,1.0
79826,38142,1.0
79826,77037,1.0
79826,78729,1.0
79826,80163,1.0
79826,80513,1.0
79826,81101,1.0
79826,82904,1.0
79826,84819,1.0
80053,129367,1.0
80053,148888,1.0
80053,50920,1.0
80053,75916,1.0
80053,84716,1.0
80053,85818,1.0
80053,89187,1.0
80053,89336,1.0
80053,89750,1.0
80053,89761,1.0
80163,108778,1.0
80163,36474,1.0
80163,38142,1.0
80163,77037,1.0
80163,78729,1.0
80163,79826,1.0
80163,80513,1.0
80163,81101,1.0
80163,82904,1.0
80163,84819,1.0
80513,108778,1.0
80513,36474,1.0
80513,38142,1.0
80513,77037,1.0
80513,78729,1.0
80513,79826,1.0
80513,80163,1.0
80513,81101,1.0
80513,82904,1.0
80513,84819,1.0
80525,143498,1.0
80525,34385,1.0
80525,4718,1.0
80525,66924,1.0
80567,113693,1.0
80567,119189,1.0
80567,123382,1.0
80567,152121,1.0
80567,158067,1.0
80567,158112,1.0
80567,1645,1.0
80567,17789,1.0
80567,80806,1.0
80567,8135,1.0
8057,103915,1.0
8057,109583,1.0
8057,116182,1.0
8057,121918,1.0
8057,144455,1.0
8057,40263,1.0
80806,113693,1.0
80806,119189,1.0
80806,123382,1.0
80806,152121,1.0
80806,158067,1.0
80806,158112,1.0
80806,1645,1.0
80806,17789,1.0
80806,80567,1.0
80806,8135,1.0
80872,135885,1.0
80894,87780,1.0
80894,90627,1.0
80916,134873,1.0
80916,20898,1.0
80916,20923,1.0
80916,21794,1.0
80916,36654,1.0
80916,40202,1.0
80916,49058,1.0
80916,50573,1.0
80916,78455,1.0
80916,78469,1.0
80955,83174,1.0
8098,23986,1.0
8098,26504,1.0
8098,40948,1.0
8098,41502,1.0
81101,108778,1.0
81101,36474,1.0
81101,38142,1.0
81101,77037,1.0
81101,78729,1.0
81101,79826,1.0
81101,80163,1.0
81101,80513,1.0
81101,82904,1.0
81101,84819,1.0
8135,113693,1.0
8135,119189,1.0
8135,123382,1.0
8135,152121,1.0
8135,158067,1.0
8135,158112,1.0
8135,1645,1.0
8135,17789,1.0
8135,80567,1.0
8135,80806,1.0
81399,16877,1.0
81399,18869,1.0
81399,24981,1.0
81399,3264,1.0
81399,3881,1.0
81399,4171,1.0
81399,44468,1.0
81399,45417,1.0
81399,96738,1.0
81399,96740,1.0
81630,84373,1.0
81677,132723,1.0
81677,59077,1.0
81677,72734,1.0
81677,74496,1.0
81794,59004,1.0
81806,102591,1.0
81806,10970,1.0
81806,93149,1.0
81843,112518,1.0
81843,127128,1.0
81843,48106,1.0
81843,52611,1.0
81894,81896,1.0
81896,81894,1.0
81931,127722,1.0
81931,49964,1.0
81932,100071,1.0
81932,53549,1.0
81932,53658,1.0
81932,56690,1.0
81932,56858,1.0
81932,57032,1.0
81932,73970,1.0
81932,78791,1.0
81932,78793,1.0
81932,81934,1.0
81934,100071,1.0
81934,53549,1.0
81934,53658,1.0
81934,56690,1.0
81934,56858,1.0
81934,57032,1.0
81934,73970,1.0
81934,78791,1.0
81934,78793,1.0
81934,81932,1.0
81938,100071,1.0
81938,53549,1.0
81938,53658,1.0
81938,56690,1.0
81938,56858,1.0
81938,57032,1.0
81938,73970,1.0
81938,78793,1.0
81938,81932,1.0
81938,81934,1.0
8195,10690,1.0
8195,11394,1.0
8195,30043,1.0
8195,4232,1.0
8195,737,1.0
82089,10588,1.0
82089,40693,1.0
82089,45303,1.0
82089,586,1.0
82089,86554,1.0
82089,89548,1.0
82089,92647,1.0
82089,93289,1.0
82206,110007,1.0
82206,74175,1.0
82206,82251,1.0
82251,110007,1.0
82251,74175,1.0
82251,82206,1.0
82293,127862,1.0
82448,56721,1.0
82904,108778,1.0
82904,36474,1.0
82904,38142,1.0
82904,77037,1.0
82904,78729,1.0
82904,79826,1.0
82904,80163,1.0
82904,80513,1.0
82904,81101,1.0
82904,84819,1.0
83174,80955,1.0
83263,10329,1.0
83263,68499,1.0
83263,85570,1.0
83500,129367,1.0
83500,50920,1.0
83500,75916,1.0
83500,80053,1.0
83500,84716,1.0
83500,85818,1.0
83500,89187,1.0
83500,89336,1.0
83500,89750,1.0
83500,89761,1.0
83533,74183,1.0
83533,84672,1.0
83541,129367,1.0
83541,50920,1.0
83541,75916,1.0
83541,80053,1.0
83541,84716,1.0
83541,85818,1.0
83541,89187,1.0
83541,89336,1.0
83541,89750,1.0
83541,89761,1.0
8381,54484,1.0
83852,166412,1.0
83862,49116,1.0
83862,85985,1.0
83862,92096,1.0
83862,92352,1.0
83862,94517,1.0
84263,85928,1.0
84263,86854,1.0
84263,87332,1.0
84373,81630,1.0
84412,136140,1.0
84412,52857,1.0
8443,112765,1.0
8443,136539,1.0
84496,91774,1.0
84672,74183,1.0
84672,83533,1.0
8469,130160,1.0
8469,134748,1.0
8469,137214,1.0
8469,18925,1.0
8469,3486,1.0
8469,56806,1.0
8469,77532,1.0
8469,86903,1.0
8469,86911,1.0
84716,129367,1.0
84716,148888,1.0
84716,50920,1.0
84716,75916,1.0
84716,80053,1.0
84716,85818,1.0
84716,89187,1.0
84716,89336,1.0
84716,89750,1.0
84716,89761,1.0
84819,108778,1.0
84819,36474,1.0
84819,38142,1.0
84819,77037,1.0
84819,78729,1.0
84819,79826,1.0
84819,80163,1.0
84819,80513,1.0
84819,81101,1.0
84819,82904,1.0
84853,84860,1.0
84853,84866,1.0
84860,84853,1.0
84860,84866,1.0
84866,84853,1.0
84866,84860,1.0
85226,138503,1.0
85226,36847,1.0
85419,129367,1.0
85419,50920,1.0
85419,75916,1.0
85419,80053,1.0
85419,84716,1.0
85419,85818,1.0
85419,89187,1.0
85419,89336,1.0
85419,89750,1.0
85419,89761,1.0
85517,133665,1.0
85570,10329,1.0
85570,68499,1.0
85570,83263,1.0
85714,120085,1.0
85746,55725,1.0
85818,129367,1.0
85818,148888,1.0
85818,50920,1.0
85818,75916,1.0
85818,80053,1.0
85818,84716,1.0
85818,89187,1.0
85818,89336,1.0
85818,89750,1.0
85818,89761,1.0
85928,84263,1.0
85928,86854,1.0
85928,87332,1.0
85938,149295,1.0
85938,150641,1.0
85952,48831,1.0
85985,49116,1.0
85985,83862,1.0
85985,92096,1.0
85985,92352,1.0
85985,94517,1.0
86043,116892,1.0
86043,132895,1.0
86043,75067,1.0
86043,93079,1.0
86188,111618,1.0
86252,105607,1.0
86252,137632,1.0
86252,150445,1.0
86252,158918,1.0
86252,163073,1.0
86554,10588,1.0
86554,40693,1.0
86554,45303,1.0
86554,586,1.0
86554,82089,1.0
86554,89548,1.0
86554,92647,1.0
86554,93289,1.0
86753,107929,1.0
86753,121396,1.0
86753,126780,1.0
86753,134645,1.0
86753,149593,1.0
86753,33471,1.0
86753,62063,1.0
86753,96779,1.0
86854,84263,1.0
86854,85928,1.0
86854,87332,1.0
86903,130160,1.0
86903,134748,1.0
86903,137214,1.0
86903,18925,1.0
86903,3486,1.0
86903,56806,1.0
86903,77532,1.0
86903,8469,1.0
86903,86911,1.0
86911,130160,1.0
86911,134748,1.0
86911,137214,1.0
86911,18925,1.0
86911,3486,1.0
86911,56806,1.0
86911,77532,1.0
86911,8469,1.0
86911,86903,1.0
87019,129367,1.0
87019,50920,1.0
87019,75916,1.0
87019,80053,1.0
87019,84716,1.0
87019,85818,1.0
87019,89187,1.0
87019,89336,1.0
87019,89750,1.0
87019,89761,1.0
87235,43235,1.0
87329,129367,1.0
87329,50920,1.0
87329,75916,1.0
87329,80053,1.0
87329,84716,1.0
87329,85818,1.0
87329,89187,1.0
87329,89336,1.0
87329,89750,1.0
87329,89761,1.0
87332,84263,1.0
87332,85928,1.0
87332,86854,1.0
87780,80894,1.0
87780,90627,1.0
87830,110178,1.0
87830,122676,1.0
87830,122692,1.0
87830,126010,1.0
87830,127971,1.0
87830,129073,1.0
87830,130048,1.0
87830,90178,1.0
87830,94265,1.0
87830,9601,1.0
87870,50791,1.0
87870,59629,1.0
88534,109722,1.0
88534,115986,1.0
88534,67555,1.0
88546,125736,1.0
88546,137772,1.0
88546,138278,1.0
88546,164852,1.0
88546,65555,1.0
89187,129367,1.0
89187,148888,1.0
89187,50920,1.0
89187,75916,1.0
89187,80053,1.0
89187,84716,1.0
89187,85818,1.0
89187,89336,1.0
89187,89750,1.0
89187,89761,1.0
89336,129367,1.0
89336,148888,1.0
89336,50920,1.0
89336,75916,1.0
89336,80053,1.0
89336,84716,1.0
89336,85818,1.0
89336,89187,1.0
89336,89750,1.0
89336,89761,1.0
89380,129325,1.0
89380,20273,1.0
89380,64550,1.0
89548,10588,1.0
89548,40693,1.0
89548,45303,1.0
89548,586,1.0
89548,82089,1.0
89548,86554,1.0
89548,92647,1.0
89548,93289,1.0
89632,101469,1.0
89632,56617,1.0
89657,113751,1.0
89657,159879,1.0
89657,167611,1.0
89657,63528,1.0
89750,129367,1.0
89750,148888,1.0
89750,50920,1.0
89750,75916,1.0
89750,80053,1.0
89750,84716,1.0
89750,85818,1.0
89750,89187,1.0
89750,89336,1.0
89750,89761,1.0
89761,129367,1.0
89761,148888,1.0
89761,50920,1.0
89761,75916,1.0
89761,80053,1.0
89761,84716,1.0
89761,85818,1.0
89761,89187,1.0
89761,89336,1.0
89761,89750,1.0
8986,113693,1.0
8986,119189,1.0
8986,123382,1.0
8986,152121,1.0
8986,158067,1.0
8986,158112,1.0
8986,1645,1.0
8986,80567,1.0
8986,80806,1.0
8986,8135,1.0
90012,23459,1.0
90118,53610,1.0
90118,61035,1.0
90118,63005,1.0
90118,91011,1.0
90118,98653,1.0
90178,110178,1.0
90178,122676,1.0
90178,122692,1.0
90178,126010,1.0
90178,127971,1.0
90178,129073,1.0
90178,130048,1.0
90178,27184,1.0
90178,94265,1.0
90178,9601,1.0
90180,28769,1.0
90242,104662,1.0
90242,29515,1.0
90242,43725,1.0
90242,49067,1.0
90242,90805,1.0
90296,90361,1.0
90361,90296,1.0
90372,122484,1.0
90372,125346,1.0
90372,14347,1.0
90372,14414,1.0
90372,27888,1.0
90372,31056,1.0
90372,52617,1.0
90372,55381,1.0
90535,110178,1.0
90535,122676,1.0
90535,122692,1.0
90535,126010,1.0
90535,127971,1.0
90535,129073,1.0
90535,130048,1.0
90535,90178,1.0
90535,94265,1.0
90535,9601,1.0
90617,90974,1.0
90627,80894,1.0
90627,87780,1.0
90739,37078,1.0
90805,104662,1.0
90805,29515,1.0
90805,43725,1.0
90805,49067,1.0
90805,90242,1.0
90974,90617,1.0
91011,53610,1.0
91011,61035,1.0
91011,63005,1.0
91011,90118,1.0
91011,98653,1.0
91492,100620,1.0
91492,50937,1.0
91492,54239,1.0
91492,69590,1.0
91626,144812,1.0
91774,84496,1.0
92096,49116,1.0
92096,83862,1.0
92096,85985,1.0
92096,92352,1.0
92096,94517,1.0
92124,92260,1.0
92131,143621,1.0
92131,17321,1.0
92131,17620,1.0
92131,31511,1.0
92131,32379,1.0
92131,36025,1.0
92131,53795,1.0
92131,72018,1.0
92131,94701,1.0
92131,98962,1.0
92197,107682,1.0
92197,59092,1.0
92203,114881,1.0
92203,92211,1.0
92211,114881,1.0
92211,92203,1.0
92260,92124,1.0
92264,105169,1.0
92335,53468,1.0
92335,73040,1.0
92335,92336,1.0
92336,53468,1.0
92336,73040,1.0
92336,92335,1.0
92352,49116,1.0
92352,83862,1.0
92352,85985,1.0
92352,92096,1.0
92352,94517,1.0
92459,92480,1.0
92480,92459,1.0
92606,143621,1.0
92606,17321,1.0
92606,17620,1.0
92606,31511,1.0
92606,32379,1.0
92606,36025,1.0
92606,53795,1.0
92606,72018,1.0
92606,92131,1.0
92606,98962,1.0
92647,10588,1.0
92647,40693,1.0
92647,45303,1.0
92647,586,1.0
92647,82089,1.0
92647,86554,1.0
92647,89548,1.0
92647,93289,1.0
9270,36474,1.0
9270,38142,1.0
9270,77037,1.0
9270,78729,1.0
9270,79826,1.0
9270,80163,1.0
9270,80513,1.0
9270,81101,1.0
9270,82904,1.0
9270,84819,1.0
92743,92769,1.0
92769,92743,1.0
92937,101371,1.0
92937,159793,1.0
92937,160604,1.0
92937,96108,1.0
92997,137828,1.0
92997,149803,1.0
92997,156047,1.0
92997,45115,1.0
93059,59205,1.0
93079,116892,1.0
93079,132895,1.0
93079,75067,1.0
93079,86043,1.0
93149,102591,1.0
93149,10970,1.0
93149,81806,1.0
93193,93300,1.0
93216,68121,1.0
93216,93268,1.0
93216,93321,1.0
93230,93238,1.0
93230,93354,1.0
93238,93230,1.0
93238,93354,1.0
93268,68121,1.0
93268,93216,1.0
93268,93321,1.0
93289,10588,1.0
93289,40693,1.0
93289,45303,1.0
93289,586,1.0
93289,82089,1.0
93289,86554,1.0
93289,89548,1.0
93289,92647,1.0
93300,93193,1.0
93321,68121,1.0
93321,93216,1.0
93321,93268,1.0
93354,93230,1.0
93354,93238,1.0
93490,134602,1.0
93490,142660,1.0
93490,32552,1.0
93523,105214,1.0
93546,106712,1.0
93546,126154,1.0
93546,143723,1.0
93551,3155,1.0
93626,71605,1.0
93759,118071,1.0
93759,127446,1.0
93759,133324,1.0
93759,141968,1.0
93759,15491,1.0
93759,156719,1.0
93759,160253,1.0
93759,31268,1.0
93759,58376,1.0
93759,93767,1.0
93767,118071,1.0
93767,127446,1.0
93767,133324,1.0
93767,141968,1.0
93767,15491,1.0
93767,156719,1.0
93767,160253,1.0
93767,31268,1.0
93767,58376,1.0
93767,93759,1.0
94002,158307,1.0
94002,162466,1.0
94265,110178,1.0
94265,122676,1.0
94265,122692,1.0
94265,126010,1.0
94265,127971,1.0
94265,129073,1.0
94265,130048,1.0
94265,27184,1.0
94265,90178,1.0
94265,9601,1.0
94517,49116,1.0
94517,83862,1.0
94517,85985,1.0
94517,92096,1.0
94517,92352,1.0
94701,143621,1.0
94701,17321,1.0
94701,17620,1.0
94701,31511,1.0
94701,32379,1.0
94701,36025,1.0
94701,53795,1.0
94701,72018,1.0
94701,92131,1.0
94701,98962,1.0
95540,35719,1.0
95540,56264,1.0
95540,58311,1.0
95540,59596,1.0
95540,64700,1.0
95620,37770,1.0
95776,134873,1.0
95776,20898,1.0
95776,20923,1.0
95776,21794,1.0
95776,36654,1.0
95776,40202,1.0
95776,49058,1.0
95776,50573,1.0
95776,78455,1.0
95776,78469,1.0
9601,110178,1.0
9601,122676,1.0
9601,122692,1.0
9601,126010,1.0
9601,127971,1.0
9601,129073,1.0
9601,130048,1.0
9601,27184,1.0
9601,90178,1.0
9601,94265,1.0
96108,101371,1.0
96108,159793,1.0
96108,160604,1.0
96108,92937,1.0
96252,15210,1.0
96252,15376,1.0
96252,96284,1.0
96284,15210,1.0
96284,15376,1.0
96284,96252,1.0
96535,11215,1.0
96535,23627,1.0
96535,3459,1.0
96535,3798,1.0
96535,3865,1.0
96535,3870,1.0
96535,4103,1.0
96535,48167,1.0
96738,16877,1.0
96738,18869,1.0
96738,24981,1.0
96738,3264,1.0
96738,3881,1.0
96738,4171,1.0
96738,44468,1.0
96738,45417,1.0
96738,81399,1.0
96738,96740,1.0
96740,16877,1.0
96740,18869,1.0
96740,24981,1.0
96740,3264,1.0
96740,3881,1.0
96740,4171,1.0
96740,44468,1.0
96740,45417,1.0
96740,81399,1.0
96740,96738,1.0
96779,107929,1.0
96779,121396,1.0
96779,126780,1.0
96779,134645,1.0
96779,149593,1.0
96779,33471,1.0
96779,62063,1.0
96779,86753,1.0
96785,96985,1.0
96985,96785,1.0
9741,102456,1.0
9741,1560,1.0
9741,24815,1.0
9741,27393,1.0
9741,27512,1.0
9741,36152,1.0
9741,46691,1.0
97429,131394,1.0
97443,100443,1.0
97443,110550,1.0
97443,126527,1.0
97443,138526,1.0
97443,140559,1.0
97443,39901,1.0
97443,43862,1.0
97443,46102,1.0
97641,749,1.0
97641,769,1.0
97641,97659,1.0
97641,97673,1.0
97641,97725,1.0
97641,97756,1.0
97641,97790,1.0
97641,97944,1.0
97659,749,1.0
97659,769,1.0
97659,97641,1.0
97659,97673,1.0
97659,97725,1.0
97659,97756,1.0
97659,97790,1.0
97659,97944,1.0
97673,749,1.0
97673,769,1.0
97673,97641,1.0
97673,97659,1.0
97673,97725,1.0
97673,97756,1.0
97673,97790,1.0
97673,97944,1.0
97725,749,1.0
97725,769,1.0
97725,97641,1.0
97725,97659,1.0
97725,97673,1.0
97725,97756,1.0
97725,97790,1.0
97725,97944,1.0
97756,749,1.0
97756,769,1.0
97756,97641,1.0
97756,97659,1.0
97756,97673,1.0
97756,97725,1.0
97756,97790,1.0
97756,97944,1.0
97790,749,1.0
97790,769,1.0
97790,97641,1.0
97790,97659,1.0
97790,97673,1.0
97790,97725,1.0
97790,97756,1.0
97790,97944,1.0
97818,97844,1.0
97844,97818,1.0
97873,70817,1.0
97944,749,1.0
97944,769,1.0
97944,97641,1.0
97944,97659,1.0
97944,97673,1.0
97944,97725,1.0
97944,97756,1.0
97944,97790,1.0
98003,98008,1.0
98008,98003,1.0
98077,98086,1.0
98086,98077,1.0
98185,17456,1.0
98227,71602,1.0
98227,98239,1.0
98227,98249,1.0
98227,98268,1.0
98227,98281,1.0
98227,98288,1.0
98227,98376,1.0
98239,71602,1.0
98239,98227,1.0
98239,98249,1.0
98239,98268,1.0
98239,98281,1.0
98239,98288,1.0
98239,98376,1.0
98249,71602,1.0
98249,98227,1.0
98249,98239,1.0
98249,98268,1.0
98249,98281,1.0
98249,98288,1.0
98249,98376,1.0
98268,71602,1.0
98268,98227,1.0
98268,98239,1.0
98268,98249,1.0
98268,98281,1.0
98268,98288,1.0
98268,98376,1.0
98281,71602,1.0
98281,98227,1.0
98281,98239,1.0
98281,98249,1.0
98281,98268,1.0
98281,98288,1.0
98281,98376,1.0
98288,71602,1.0
98288,98227,1.0
98288,98239,1.0
98288,98249,1.0
98288,98268,1.0
98288,98281,1.0
98288,98376,1.0
98353,39238,1.0
98376,71602,1.0
98376,98227,1.0
98376,98239,1.0
98376,98249,1.0
98376,98268,1.0
98376,98281,1.0
98376,98288,1.0
98597,13828,1.0
98653,53610,1.0
98653,61035,1.0
98653,63005,1.0
98653,90118,1.0
98653,91011,1.0
98673,98675,1.0
98675,98673,1.0
98720,100725,1.0
98720,141371,1.0
98720,145926,1.0
98720,148845,1.0
98720,17932,1.0
98720,75398,1.0
98720,99146,1.0
98947,129605,1.0
98962,143621,1.0
98962,17321,1.0
98962,17620,1.0
98962,31511,1.0
98962,32379,1.0
98962,36025,1.0
98962,53795,1.0
98962,72018,1.0
98962,92131,1.0
98962,94701,1.0
98985,99000,1.0
99000,98985,1.0
99030,99040,1.0
99030,99045,1.0
99040,99030,1.0
99040,99045,1.0
99045,99030,1.0
99045,99040,1.0
99076,99099,1.0
99099,99076,1.0
99146,100725,1.0
99146,141371,1.0
99146,145926,1.0
99146,148845,1.0
99146,17932,1.0
99146,75398,1.0
99146,98720,1.0
99402,102425,1.0
99658,139901,1.0
99830,1286,1.0
99830,1294,1.0
99830,17476,1.0
99830,18166,1.0
99830,20509,1.0
99830,20905,1.0
99830,22336,1.0
25103,26651,0.8
26651,25103,0.8
90504,90546,0.8
90517,90546,0.8
90546,90504,0.8
90546,90517,0.8
99152,99153,0.8
99153,99152,0.8
103025,76291,0.75
149783,76291,0.75
21566,22708,0.75
21566,23285,0.75
22708,21566,0.75
22708,25103,0.75
23285,21566,0.75
23285,25103,0.75
24216,25103,0.75
24752,25103,0.75
25103,22708,0.75
25103,23285,0.75
25103,24216,0.75
25103,24752,0.75
25103,25621,0.75
25621,25103,0.75
31318,31391,0.75
31391,31318,0.75
70655,75085,0.75
75085,70655,0.75
76291,103025,0.75
76291,149783,0.75
94858,94868,0.75
94868,94858,0.75
98003,98077,0.75
98003,98086,0.75
98008,98077,0.75
98008,98086,0.75
98077,98003,0.75
98077,98008,0.75
98086,98003,0.75
98086,98008,0.75
98985,99022,0.75
99000,99022,0.75
99022,98985,0.75
99022,99000,0.75
99022,99036,0.75
99036,99022,0.75
99065,99152,0.75
99070,99076,0.75
99070,99099,0.75
99076,99070,0.75
99076,99103,0.75
99099,99070,0.75
99099,99103,0.75
99103,99076,0.75
99103,99099,0.75
99152,99065,0.75
98020,98028,0.7
98028,98020,0.7
102557,158485,0.6666666666666666
102794,76291,0.6666666666666666
110644,3925,0.6666666666666666
114005,120094,0.6666666666666666
114344,124156,0.6666666666666666
114881,92207,0.6666666666666666
116744,124156,0.6666666666666666
120094,114005,0.6666666666666666
123923,124156,0.6666666666666666
124156,114344,0.6666666666666666
124156,116744,0.6666666666666666
124156,123923,0.6666666666666666
124156,140734,0.6666666666666666
124410,127901,0.6666666666666666
127901,124410,0.6666666666666666
138144,155046,0.6666666666666666
140734,124156,0.6666666666666666
141768,141865,0.6666666666666666
141865,141768,0.6666666666666666
148831,155046,0.6666666666666666
152477,153025,0.6666666666666666
153025,152477,0.6666666666666666
154140,97617,0.6666666666666666
155046,138144,0.6666666666666666
155046,148831,0.6666666666666666
158485,102557,0.6666666666666666
162544,77781,0.6666666666666666
163618,166155,0.6666666666666666
166155,163618,0.6666666666666666
2053,2069,0.6666666666666666
2069,2053,0.6666666666666666
20819,62180,0.6666666666666666
26355,69914,0.6666666666666666
31862,63113,0.6666666666666666
38706,39718,0.6666666666666666
3925,110644,0.6666666666666666
39718,38706,0.6666666666666666
41219,41444,0.6666666666666666
41444,41219,0.6666666666666666
41444,41494,0.6666666666666666
41444,41543,0.6666666666666666
41494,41444,0.6666666666666666
41543,41444,0.6666666666666666
41755,41775,0.6666666666666666
41775,41755,0.6666666666666666
41871,42066,0.6666666666666666
42066,41871,0.6666666666666666
42066,42126,0.6666666666666666
42126,42066,0.6666666666666666
58924,62180,0.6666666666666666
58924,63113,0.6666666666666666
59782,60075,0.6666666666666666
60075,59782,0.6666666666666666
62180,20819,0.6666666666666666
62180,58924,0.6666666666666666
63113,31862,0.6666666666666666
63113,58924,0.6666666666666666
68983,69148,0.6666666666666666
69148,68983,0.6666666666666666
69628,69914,0.6666666666666666
69914,26355,0.6666666666666666
69914,69628,0.6666666666666666
69914,70189,0.6666666666666666
70189,69914,0.6666666666666666
71482,71599,0.6666666666666666
71482,85138,0.6666666666666666
71599,71482,0.6666666666666666
71599,71608,0.6666666666666666
71605,85138,0.6666666666666666
71608,71599,0.6666666666666666
71608,85138,0.6666666666666666
74183,76291,0.6666666666666666
74183,77781,0.6666666666666666
74354,80955,0.6666666666666666
74354,83174,0.6666666666666666
75411,89178,0.6666666666666666
76291,102794,0.6666666666666666
76291,74183,0.6666666666666666
76291,83533,0.6666666666666666
76291,84672,0.6666666666666666
77781,162544,0.6666666666666666
77781,74183,0.6666666666666666
77781,83533,0.6666666666666666
77781,84672,0.6666666666666666
78259,78283,0.6666666666666666
78271,78283,0.6666666666666666
78283,78259,0.6666666666666666
78283,78271,0.6666666666666666
80841,80859,0.6666666666666666
80859,80841,0.6666666666666666
80955,74354,0.6666666666666666
81784,81791,0.6666666666666666
81791,81784,0.6666666666666666
83044,83057,0.6666666666666666
83057,83044,0.6666666666666666
83174,74354,0.6666666666666666
83495,83616,0.6666666666666666
83533,76291,0.6666666666666666
83533,77781,0.6666666666666666
83616,83495,0.6666666666666666
84365,91765,0.6666666666666666
84672,76291,0.6666666666666666
84672,77781,0.6666666666666666
85138,71482,0.6666666666666666
85138,71605,0.6666666666666666
85138,71608,0.6666666666666666
85138,93626,0.6666666666666666
85905,85906,0.6666666666666666
85906,85905,0.6666666666666666
86159,94549,0.6666666666666666
89178,75411,0.6666666666666666
90504,90517,0.6666666666666666
90517,90504,0.6666666666666666
91765,84365,0.6666666666666666
92203,92207,0.6666666666666666
92207,114881,0.6666666666666666
92207,92203,0.6666666666666666
92207,92211,0.6666666666666666
92211,92207,0.6666666666666666
93192,93193,0.6666666666666666
93192,93300,0.6666666666666666
93193,93192,0.6666666666666666
93300,93192,0.6666666666666666
93626,85138,0.6666666666666666
94549,86159,0.6666666666666666
94924,94933,0.6666666666666666
94933,94924,0.6666666666666666
97617,154140,0.6666666666666666
98054,98069,0.6666666666666666
98069,98054,0.6666666666666666
98069,98077,0.6666666666666666
98069,98086,0.6666666666666666
98077,98069,0.6666666666666666
98086,98069,0.6666666666666666
98671,98673,0.6666666666666666
98671,98675,0.6666666666666666
98673,98671,0.6666666666666666
98675,98671,0.6666666666666666
99030,99036,0.6666666666666666
99036,99030,0.6666666666666666
99036,99040,0.6666666666666666
99036,99045,0.6666666666666666
99040,99036,0.6666666666666666
99045,99036,0.6666666666666666
99051,99057,0.6666666666666666
99057,99051,0.6666666666666666
99065,99109,0.6666666666666666
99076,99109,0.6666666666666666
99099,99109,0.6666666666666666
99109,99065,0.6666666666666666
99109,99076,0.6666666666666666
99109,99099,0.6666666666666666
99154,99155,0.6666666666666666
99155,99154,0.6666666666666666
99156,99218,0.6666666666666666
99218,99156,0.6666666666666666
99218,99221,0.6666666666666666
99221,99218,0.6666666666666666
94810,94821,0.65625
94821,94810,0.65625
99063,99064,0.6363636363636364
99064,99063,0.6363636363636364
97967,97980,0.625
97980,97967,0.625
98028,98035,0.625
98035,98028,0.625
98991,98992,0.625
98992,98991,0.625
99063,99153,0.625
99153,99063,0.625
103025,149783,0.6
149783,103025,0.6
21566,25103,0.6
22708,26651,0.6
23285,26651,0.6
24216,26651,0.6
24752,26651,0.6
25103,21566,0.6
25621,26651,0.6
26651,22708,0.6
26651,23285,0.6
26651,24216,0.6
26651,24752,0.6
26651,25621,0.6
94846,94858,0.6
94858,94846,0.6
98697,98708,0.6
98708,98697,0.6
99065,99153,0.6
99070,99103,0.6
99103,99070,0.6
99153,99065,0.6
94839,94846,0.5909090909090909
94846,94839,0.5909090909090909
94788,94797,0.5833333333333334
94797,94788,0.5833333333333334
100008,99997,0.5714285714285714
13647,25103,0.5714285714285714
25103,13647,0.5714285714285714
94912,94933,0.5714285714285714
94933,94912,0.5714285714285714
94944,97980,0.5714285714285714
97980,94944,0.5714285714285714
99997,100008,0.5714285714285714
94944,97967,0.5555555555555556
97967,94944,0.5555555555555556
98020,98035,0.5555555555555556
98035,98020,0.5555555555555556
98992,98993,0.5555555555555556
98993,98992,0.5555555555555556
94839,94858,0.55
94858,94839,0.55
94933,94944,0.5454545454545454
94944,94933,0.5454545454545454
95053,95155,0.5454545454545454
95155,95053,0.5454545454545454
14395,14863,0.5416666666666666
14863,14395,0.5416666666666666
94846,94879,0.5416666666666666
94879,94846,0.5416666666666666
94912,94924,0.5384615384615384
94924,94912,0.5384615384615384
94748,94759,0.5375
94759,94748,0.5375
94846,94868,0.5238095238095238
94868,94846,0.5238095238095238